20MICRONS,20210301,36.9,37.6,36.55,37.35,126886
21STCENMGM,20210301,11.95,11.95,11.95,11.95,2571
3IINFOTECH,20210301,6.3,6.45,6.05,6.45,7851294
3MINDIA,20210301,23175,24500,23174.9,24148.65,17103
3PLAND,20210301,9.15,9.95,9.15,9.55,13330
5PAISA,20210301,261.9,272.9,260.5,263.85,40788
63MOONS,20210301,79,83.5,79,80.85,92225
A2ZINFRA,20210301,4.2,4.3,4.1,4.15,226640
AAKASH,20210301,125.95,127.9,123.5,127.9,11058
AARON,20210301,62,63,56.6,58.7,8244
AARTIDRUGS,20210301,634,639.55,630.9,631.85,182237
AARTIIND,20210301,1236,1279.35,1226.75,1269.15,342259
AARTISURF,20210301,918.5,929.55,898,905.8,12679
AARVEEDEN,20210301,18.4,18.55,17.85,18.1,6825
AARVI,20210301,52.4,53.95,52,52.75,8917
AAVAS,20210301,2288,2288,2250.95,2264.75,43000
ABAN,20210301,41.2,42.35,38.35,38.35,579518
ABB,20210301,1547,1559.85,1515,1525.2,61354
ABBOTINDIA,20210301,14450,14520,14250,14497.75,19828
ABCAPITAL,20210301,124.3,130.7,122.5,129.7,12882971
ABFRL,20210301,186.05,196.9,182.45,192.85,7958240
ABMINTLTD,20210301,72.75,72.75,69.25,72.75,9133
ABSLBANETF,20210301,355.95,355.95,344.42,350,250
ABSLNN50ET,20210301,362.56,369.9,345.3,359,363
ACC,20210301,1754.4,1779.85,1725.7,1774.4,890744
ACCELYA,20210301,893.75,905,890,896.45,3350
ACCURACY,20210301,64.65,68,62.05,63.4,12591
ACE,20210301,161.95,161.95,155,155.25,170729
ACRYSIL,20210301,322,322.45,320,322.45,24773
ADANIENT,20210301,840.75,860.95,836.45,851.5,5996840
ADANIGREEN,20210301,1170,1170,1130.15,1141,448402
ADANIPORTS,20210301,684.6,704.65,673.3,692.9,11600468
ADANIPOWER,20210301,55.85,56.5,55.4,55.75,4632559
ADANITRANS,20210301,757.7,768,736.9,758.05,391954
ADFFOODS,20210301,837.8,839,810.5,821.1,17084
ADHUNIKIND,20210301,21.95,21.95,20.5,20.95,36863
ADL,20210301,31.65,31.65,29.3,31.15,3806
ADORWELD,20210301,323.9,323.9,312.9,315.25,21284
ADROITINFO,20210301,8.3,8.7,8.3,8.7,4010
ADSL,20210301,40.7,41,39,39.3,132179
ADVANIHOTR,20210301,52,52.4,50.6,52.35,7484
ADVENZYMES,20210301,358,365.1,344,348,277052
AEGISCHEM,20210301,313,322.85,313,322.2,667889
AFFLE,20210301,5330,5459,5225,5350.5,78483
AGARIND,20210301,151.95,157,146.05,152.15,11806
AGCNET,20210301,1016.1,1016.1,992.3,999.1,11301
AGRITECH,20210301,36,36,33.75,34.4,6463
AGROPHOS,20210301,13.2,13.25,12.75,12.8,49953
AHLADA,20210301,76,83.45,72.35,83.45,47617
AHLEAST,20210301,160.65,167.9,159.4,167,6235
AHLUCONT,20210301,291.4,301,289.5,297.35,24247
AHLWEST,20210301,243.5,243.5,240,240.35,522
AIAENG,20210301,1823.1,1835,1798,1808,49413
AIRAN,20210301,18,18.55,17.85,17.95,41594
AJANTPHARM,20210301,1757.55,1772,1682.3,1758.3,147812
AJMERA,20210301,129,129.55,127.25,127.8,32701
AKASH,20210301,239,239,228.15,231.45,17556
AKG,20210301,91.55,96.05,91.55,93.5,45510
AKSHARCHEM,20210301,241,244.5,235.8,239.85,33667
AKSHOPTFBR,20210301,6.85,7.1,6.75,6.85,212514
AKZOINDIA,20210301,2194,2194,2142.5,2146.25,30719
ALANKIT,20210301,16.2,16.45,15.9,16,100991
ALBERTDAVD,20210301,405.1,412.15,400.3,404.05,13537
ALEMBICLTD,20210301,103.4,103.4,101,101.6,220457
ALICON,20210301,418.55,446.05,384.3,435.6,21299
ALKALI,20210301,52.75,53.5,50.25,50.8,32610
ALKEM,20210301,2743.1,2855,2722.1,2827.3,75867
ALKYLAMINE,20210301,5089.9,5148,5056,5079.6,14190
ALLCARGO,20210301,130.7,130.7,128.2,128.75,165398
ALLSEC,20210301,351.3,357.95,342.15,346.4,6036
ALMONDZ,20210301,29.4,29.4,28,28.1,17516
ALOKINDS,20210301,19.95,19.95,19.65,19.65,7744360
ALPA,20210301,41.7,41.7,39.7,40.15,59401
ALPHAGEO,20210301,224.9,228,221,221.95,21050
ALPSINDUS,20210301,1.7,1.8,1.7,1.7,22740
AMARAJABAT,20210301,882.9,904,881.1,900,694023
AMBER,20210301,3281,3281,3161,3201.95,98156
AMBIKCO,20210301,998,1010,970.4,984.8,27971
AMBUJACEM,20210301,275.55,279.65,273.5,277.9,4095441
AMDIND,20210301,26.3,27.95,24.5,25.85,659514
AMJLAND,20210301,25.65,26.1,25.25,26,9858
AMRUTANJAN,20210301,548.55,560.05,545.05,547.8,32021
ANANTRAJ,20210301,52,52,50.65,52,1558992
ANDHRACEMT,20210301,5.65,5.7,5.55,5.6,217049
ANDHRAPAP,20210301,231,255.55,230.2,249.05,199423
ANDHRSUGAR,20210301,307,309.4,299.5,303.6,67752
ANGELBRKG,20210301,334.75,334.75,326.65,327.95,31062
ANIKINDS,20210301,17.25,17.9,16.65,17.15,27997
ANKITMETAL,20210301,1.1,1.15,1.1,1.15,72164
ANSALAPI,20210301,8,8.4,7.7,7.9,146735
ANSALHSG,20210301,6.5,6.5,6.05,6.15,56497
ANTGRAPHIC,20210301,0.45,0.55,0.45,0.55,235057
ANUP,20210301,650.8,654.85,637.4,639.65,56192
APARINDS,20210301,465.9,479.05,465,475,51419
APCL,20210301,209.85,215.9,207.45,211.8,92167
APCOTEXIND,20210301,177,189.85,174.05,184.8,352761
APEX,20210301,244,245.8,240,240.85,80321
APLAPOLLO,20210301,1125,1142,1051.25,1092.7,603703
APLLTD,20210301,910.1,938.95,908.3,924.25,444155
APOLLO,20210301,111,113.9,110.05,110.95,278391
APOLLOHOSP,20210301,3039.05,3098,3007.55,3081.15,678218
APOLLOPIPE,20210301,719.85,731.95,707,711,34320
APOLLOTYRE,20210301,235,248.8,235,244.85,14941186
APOLSINHOT,20210301,544.95,560,544.95,556.45,1087
APTECHT,20210301,221.1,234,219.2,230.1,451916
ARCHIDPLY,20210301,35.75,37.5,35.5,36,11192
ARCHIES,20210301,11.8,11.9,11.55,11.7,53862
ARENTERP,20210301,11.6,12.35,11.6,11.7,3384
ARIES,20210301,90,101.7,89,97.4,184794
ARIHANT,20210301,22.85,23.3,22.65,23,1515
ARIHANTSUP,20210301,39,41,39,39.8,15193
ARMANFIN,20210301,624,630.4,572.3,591.75,52829
AROGRANITE,20210301,45,47.5,45,46.75,72790
ARROWGREEN,20210301,78.8,80.85,77.25,78.95,5952
ARSHIYA,20210301,35.95,36.05,33.25,36.05,123077
ARSSINFRA,20210301,22,24.95,22,24.45,32948
ARTEMISMED,20210301,240.5,240.5,226,226.4,3607
ARVIND,20210301,81.35,84.5,78.05,78.7,2210565
ARVINDFASN,20210301,159.9,162,157,158,174007
ARVSMART,20210301,99,103.15,98.85,100.75,215526
ASAHIINDIA,20210301,295,297.65,288.95,291.25,26607
ASAHISONG,20210301,280.2,285.65,275.2,281.7,25740
ASAL,20210301,38,38,37.1,37.65,4318
ASALCBR,20210301,359.7,359.7,350.15,352.65,41059
ASHAPURMIN,20210301,115,116.9,113.55,114.45,115408
ASHIANA,20210301,117.5,120,115.15,117.1,73519
ASHIMASYN,20210301,14.3,15.65,14.3,15.6,677576
ASHOKA,20210301,114.2,114.45,111.1,111.85,944045
ASHOKLEY,20210301,130.7,134.35,126.5,129.65,34897746
ASIANHOTNR,20210301,71.65,74.4,68.5,71.2,20747
ASIANPAINT,20210301,2300,2369.9,2300,2362.3,2545806
ASIANTILES,20210301,197,204.9,188,190.35,1298278
ASPINWALL,20210301,166.05,169,160.3,167,3476
ASTEC,20210301,1065,1066.7,1031.15,1035.9,18146
ASTERDM,20210301,148.7,148.7,143,143.35,135074
ASTRAL,20210301,2150.85,2220,2142.65,2196.9,116757
ASTRAMICRO,20210301,112.05,123.65,112.05,121.25,1828130
ASTRAZEN,20210301,3472,3500,3440.15,3455.85,22118
ASTRON,20210301,44.5,44.5,43.1,43.5,30323
ATFL,20210301,807.9,820.65,807.9,814.45,3685
ATGL,20210301,523.3,529.45,516.5,525.45,1103126
ATLANTA,20210301,8.45,8.45,8,8.1,10809
ATUL,20210301,6595,6721,6554.3,6591.85,25829
ATULAUTO,20210301,193.65,218.9,193.65,206.95,1990169
AUBANK,20210301,1138,1165.05,1127.6,1148.45,754157
AURIONPRO,20210301,82.9,82.9,80,80.8,14870
AUROPHARMA,20210301,855.1,879,849.4,873.65,1653424
AUSOMENT,20210301,47,50.5,47,49.35,8943
AUTOAXLES,20210301,1159.4,1195,1159.4,1167.8,7485
AUTOIND,20210301,33.35,33.35,30.8,31.85,30632
AVADHSUGAR,20210301,194.9,199.7,190.35,194.9,120062
AVANTIFEED,20210301,486,486,477.1,484.8,135236
AVTNPL,20210301,44.1,45.2,44.1,44.65,70293
AWHCL,20210301,300.1,302.4,298.05,299.9,96865
AXISBANK,20210301,738,743.5,722.25,728.55,14301187
AXISBNKETF,20210301,352.81,354.76,349.95,352.67,917
AXISCADES,20210301,48.15,49.7,48,49.05,28778
AXISGOLD,20210301,40.17,40.4,39.65,40.07,304610
AXISNIFTY,20210301,153.75,158.8,152.51,153.93,3861
AYMSYNTEX,20210301,55.95,55.95,50.75,50.95,44054
BAFNAPH,20210301,121.55,126.45,118.1,120.75,2321
BAGFILMS,20210301,2.6,2.7,2.6,2.7,64457
BAJAJ-AUTO,20210301,3798.7,3858.8,3751,3814.05,724589
BAJAJCON,20210301,245.35,253.75,244.05,246,561101
BAJAJELEC,20210301,970.7,1008,965,990.1,278803
BAJAJFINSV,20210301,9799,9848.6,9613.7,9774.05,322437
BAJAJHIND,20210301,6.9,6.95,6.2,6.25,12881191
BAJAJHLDNG,20210301,3693.3,3693.3,3561,3594.1,76867
BAJFINANCE,20210301,5315,5369.9,5195,5266.8,2031881
BALAJITELE,20210301,59.7,62.4,59.05,60.35,373440
BALAMINES,20210301,1648.65,1695,1635,1685.3,138038
BALAXI,20210301,564.4,567.5,564.4,567.5,1154
BALKRISHNA,20210301,17.1,18.9,17.1,18.9,6680
BALKRISIND,20210301,1556,1598.15,1556,1584.8,365513
BALMLAWRIE,20210301,125,128.25,124.05,125.65,1529035
BALPHARMA,20210301,55.7,56.85,49.55,53.8,25462
BALRAMCHIN,20210301,177.25,184.4,175.95,181.4,1627117
BANARBEADS,20210301,59.25,59.25,56.3,56.95,8560
BANARISUG,20210301,1725.1,1799,1718.3,1795.05,1752
BANCOINDIA,20210301,155,156.25,151.6,154.3,133738
BANDHANBNK,20210301,349,351.25,336.25,338.4,6356872
BANG,20210301,28,28,26.55,27.25,6062
BANKA,20210301,76.45,77.5,73.5,75.2,3284
BANKBARODA,20210301,85.4,86.35,82.9,83.35,51758155
BANKBEES,20210301,359,359,352.24,354.96,847397
BANKINDIA,20210301,83.3,84.2,80.6,80.9,4473304
BANSWRAS,20210301,120.8,120.8,113.55,119.6,47777
BASF,20210301,1953.45,1999,1863.25,1898.7,50898
BASML,20210301,67.8,69.45,67.05,67.5,10279
BATAINDIA,20210301,1450,1478,1444,1468.9,540241
BAYERCROP,20210301,5218,5218,5045.1,5074,16869
BBL,20210301,1135,1149,1104,1135.05,10248
BBTC,20210301,1164.9,1186,1156,1161.45,51082
BCG,20210301,7.65,7.85,7.55,7.6,3050517
BCP,20210301,5.1,5.1,5.1,5.1,21806
BDL,20210301,354.8,370,353.55,367.2,1299286
BEARDSELL,20210301,10.1,10.1,9.6,9.9,11186
BECTORFOOD,20210301,405,405,390.2,392.25,648802
BEDMUTHA,20210301,23.35,23.85,23.25,23.35,5210
BEL,20210301,138.7,147,137.95,145.95,20686485
BEML,20210301,1090,1185,1080,1165.1,2250849
BEPL,20210301,145.85,146.7,135.15,138.5,911459
BERGEPAINT,20210301,681,723,681,718.75,2028724
BESTAGRO,20210301,420.2,455.15,402,438.3,1271
BFINVEST,20210301,278.5,289.5,277.1,283.65,39007
BFUTILITIE,20210301,275,291,273.5,285.05,343340
BGLOBAL,20210301,1.1,1.15,1.05,1.15,25456
BGRENERGY,20210301,46.5,49,46,46.85,388102
BHAGERIA,20210301,166,169.9,164.7,167.15,35107
BHAGYANGR,20210301,48.7,48.7,48.7,48.7,23958
BHAGYAPROP,20210301,28.4,28.7,27.75,28.4,26780
BHANDARI,20210301,2.85,2.95,2.75,2.85,153990
BHARATFORG,20210301,619.6,627.3,611.3,618.5,1894304
BHARATGEAR,20210301,80.5,80.5,77.4,78.05,13334
BHARATRAS,20210301,10090,10525,10005.05,10389.3,13280
BHARATWIRE,20210301,41.55,45,41.55,42.95,18713
BHARTIARTL,20210301,558,559.1,521,532.2,54075848
BHEL,20210301,48.7,49.6,47.6,48.8,123674746
BIGBLOC,20210301,142,144,142,143.4,37829
BIL,20210301,153.75,153.75,147,147.75,6498
BINDALAGRO,20210301,17.95,20.15,17.7,19.6,426671
BIOCON,20210301,395,399,387.4,395.65,2691673
BIOFILCHEM,20210301,90.45,90.45,90.45,90.45,27184
BIRLACABLE,20210301,61.1,62.95,60.1,60.85,171401
BIRLACORPN,20210301,859.9,878.85,856.25,865.7,117256
BIRLAMONEY,20210301,43.65,44.9,43.65,44,187586
BIRLATYRE,20210301,29,29.25,28.4,28.85,403542
BKMINDST,20210301,1,1,0.95,1,26563
BLBLIMITED,20210301,5.6,5.7,5.15,5.55,287016
BLISSGVS,20210301,175,176,172.8,174.35,505109
BLKASHYAP,20210301,14.75,14.75,13.75,14.35,437072
BLS,20210301,108,108.85,102.8,103.95,342272
BLUECOAST,20210301,5.75,5.75,5.75,5.75,108
BLUEDART,20210301,4744,4744,4605,4617.65,10159
BLUESTARCO,20210301,895,949,851.6,860.95,1220527
BODALCHEM,20210301,78,84.45,77.1,82.6,5838383
BOMDYEING,20210301,74.6,77.5,74.45,76.35,3117259
BOROLTD,20210301,188,192.05,183.5,185.1,138819
BORORENEW,20210301,292.2,294,282,284.7,274746
BOSCHLTD,20210301,15000,15345.05,14905,15228.25,53119
BPCL,20210301,456,463.85,450.1,455.25,6092750
BPL,20210301,21.35,21.7,20.65,21,94577
BRFL,20210301,8.7,9,8.5,9,284673
BRIGADE,20210301,290.1,298.45,290,292.2,248115
BRITANNIA,20210301,3371.5,3420,3367.05,3411.8,377869
BRNL,20210301,34,34,32.8,33.25,47482
BROOKS,20210301,59,60.6,58.6,59.25,47939
BSE,20210301,585,587.5,576.1,577.15,297967
BSELINFRA,20210301,1,1,0.95,1,35517
BSHSL,20210301,139,139,131.6,137.6,514
BSL,20210301,32,33.95,30.4,31.6,13840
BSLGOLDETF,20210301,4290,4290,4202.5,4223.4,516
BSLNIFTY,20210301,164.65,164.65,160.8,162.9,170
BSOFT,20210301,229,231.95,223,225.3,448211
BURGERKING,20210301,143,143.2,140.5,141.45,762981
BURNPUR,20210301,2.65,2.65,2.55,2.65,101783
BUTTERFLY,20210301,569.55,578,542.1,559.95,83779
BVCL,20210301,17.5,17.75,16.55,17.25,6578
BYKE,20210301,18.45,20.1,18.25,19.85,103188
CADILAHC,20210301,437,438.4,430.4,435.3,2015942
CALSOFT,20210301,9.2,9.45,9.1,9.4,48010
CAMLINFINE,20210301,134.9,143.8,133.1,136.7,1695243
CAMS,20210301,1840,1875,1820.05,1861.35,172938
CANBK,20210301,159.25,160,155.1,156.75,13581503
CANFINHOME,20210301,483.4,490,473.5,474.7,266573
CANTABIL,20210301,380,387.5,374.9,384.65,206237
CAPACITE,20210301,208,210,201.1,204.1,322902
CAPLIPOINT,20210301,468.7,470.9,465.05,466.9,93765
CAPTRUST,20210301,98,111,98,100.55,52395
CARBORUNIV,20210301,514.8,535,507,529.25,290524
CAREERP,20210301,153,154.35,150,150.75,29151
CARERATING,20210301,470.25,472.7,465.55,468.45,70402
CASTEXTECH,20210301,0.4,0.4,0.4,0.4,156000
CASTROLIND,20210301,131.4,136.9,130.35,135.65,4986242
CCCL,20210301,0.4,0.45,0.35,0.45,137366
CCHHL,20210301,4.95,5.05,4.65,4.95,49948
CCL,20210301,230.8,233.5,229.3,231.5,838673
CDSL,20210301,632,639.3,621.25,627.6,988372
CEATLTD,20210301,1611,1642.65,1583,1611.35,235961
CEBBCO,20210301,20.45,21.25,19.85,20.95,95827
CELEBRITY,20210301,7.4,7.4,6.7,7.4,125881
CENTENKA,20210301,251.05,254.95,250.95,253.85,42291
CENTEXT,20210301,4.4,4.65,4.25,4.55,296504
CENTRALBK,20210301,20,20,18.45,18.6,13423237
CENTRUM,20210301,24.6,24.8,23.4,24.1,2248505
CENTUM,20210301,431.1,443.05,431.1,440.35,7842
CENTURYPLY,20210301,309,311.2,304,307.4,134396
CENTURYTEX,20210301,479.2,494.8,476.5,487.75,421224
CERA,20210301,3820,4015,3790,3997.7,17449
CEREBRAINT,20210301,53.55,55.5,52.75,53.25,190968
CESC,20210301,606,620.3,600,616.95,323991
CGCL,20210301,375,376.75,356.8,370.75,153579
CGPOWER,20210301,58,58,56.45,56.85,2849740
CHALET,20210301,166.4,169.5,166,167.85,126736
CHAMBLFERT,20210301,246.25,264.5,243.4,258,2991185
CHEMBOND,20210301,183.4,184.95,178.2,179.4,16373
CHEMCON,20210301,438.45,442.4,432.1,436.1,195849
CHEMFAB,20210301,131.8,131.95,115,129.25,18523
CHENNPETRO,20210301,100.85,108.15,99.45,105.4,2717970
CHOLAFIN,20210301,524.5,558,519.5,522.3,8234542
CHOLAHLDNG,20210301,599.5,619.95,587,605.45,90706
CIGNITITEC,20210301,352.65,353.95,345.4,349.25,55157
CINELINE,20210301,39.2,39.2,37.85,38.1,77446
CINEVISTA,20210301,6.8,6.8,6.1,6.3,36747
CIPLA,20210301,795,800.5,782,789.8,2748271
CLEDUCATE,20210301,67.6,69.9,67.05,68.35,26537
CLNINDIA,20210301,397.4,397.4,389,391.3,49868
CMICABLES,20210301,59.2,61.9,59.2,59.2,39311
CNOVAPETRO,20210301,14.75,14.75,14.75,14.75,434
COALINDIA,20210301,155.5,157.1,153.7,154.35,22306110
COCHINSHIP,20210301,376.4,394.7,373.4,388.45,963401
COFORGE,20210301,2555.5,2569,2476.05,2504.2,122858
COLPAL,20210301,1577,1591,1565.25,1583.1,265854
COMPINFO,20210301,17.4,19.7,17.3,18.95,2918863
COMPUSOFT,20210301,8.6,9.45,7.85,8.6,172904
CONCOR,20210301,562.9,573,556.25,562.5,2068440
CONFIPET,20210301,43.5,45.45,43.05,44.2,1221070
CONSOFINVT,20210301,44.75,44.75,36.4,43.1,21713
CONTROLPR,20210301,233.85,237,229.85,232.4,14979
CORALFINAC,20210301,24,24.8,23.25,23.35,28231
CORDSCABLE,20210301,43,43,40.8,41.35,57085
COROMANDEL,20210301,775,787,772.1,784.2,364847
COSMOFILMS,20210301,508.95,527.55,504,524.65,102743
COUNCODOS,20210301,2.45,2.45,2.45,2.45,41023
CPSEETF,20210301,23.71,24.24,23.35,24.15,5289465
CREATIVE,20210301,113.3,117.7,106.1,107.7,21430
CREDITACC,20210301,696,710.65,684.75,708.75,96269
CREST,20210301,89.35,94,86.15,92,9239
CRISIL,20210301,1950,1958,1919.05,1924.95,11148
CROMPTON,20210301,388,399.7,382.1,386.5,2327986
CSBBANK,20210301,227,228.45,225,227.25,114684
CTE,20210301,33.95,33.95,30.95,32.35,33225
CUB,20210301,166.85,169.65,166.3,168.8,1461860
CUBEXTUB,20210301,22.8,22.8,22.8,22.8,12189
CUMMINSIND,20210301,782.2,802,782.2,800.65,820946
CUPID,20210301,208,211,208,210,34090
CYBERMEDIA,20210301,15.3,15.3,15.3,15.3,1201
CYBERTECH,20210301,126.5,127.5,123.45,124.75,92523
CYIENT,20210301,657.8,669.5,646.5,652.4,501040
DAAWAT,20210301,53.2,53.25,52.1,52.35,897956
DABUR,20210301,504,507.85,502.8,505.85,1751572
DALBHARAT,20210301,1438,1501,1423.3,1469.1,266937
DALMIASUG,20210301,160.6,165.8,158.6,164.9,369822
DAMODARIND,20210301,33.2,33.45,31.85,33.4,20349
DANGEE,20210301,132.25,132.25,129.1,130.55,50589
DATAMATICS,20210301,110.2,112.9,109.7,110.55,100506
DBCORP,20210301,101.75,104,99.9,100.5,728121
DBL,20210301,685,707.3,685,697.85,399169
DBREALTY,20210301,29.55,29.55,29.55,29.55,367582
DBSTOCKBRO,20210301,9.9,9.9,9.15,9.4,9869
DCAL,20210301,120.55,121.45,117.75,118.25,319156
DCBBANK,20210301,118.4,118.4,115.1,116.1,978020
DCM,20210301,27.75,28.2,25.65,27.45,49724
DCMFINSERV,20210301,1.55,1.55,1.55,1.55,75
DCMNVL,20210301,66.15,69.85,66.15,68.7,10280
DCMSHRIRAM,20210301,458.05,477.9,452.95,460.95,267125
DCW,20210301,26.75,29.7,26.15,28.95,7127862
DECCANCE,20210301,409.95,415.5,409.95,413.25,44784
DEEPAKFERT,20210301,191.8,219.25,187.65,212.35,7670978
DEEPAKNTR,20210301,1385,1573.9,1379.05,1563.75,2627071
DEEPENR,20210301,40.8,42.1,40.1,40.8,25970
DELTACORP,20210301,149.2,152.85,147,148.9,1460385
DELTAMAGNT,20210301,30.1,31.35,29.05,30.8,10033
DEN,20210301,57.1,62.5,57.1,59.85,2407745
DENORA,20210301,262.65,262.95,258,258.85,5573
DFMFOODS,20210301,402,402,377.05,380.05,48143
DGCONTENT,20210301,9.4,9.4,9.4,9.4,183978
DHAMPURSUG,20210301,175.1,182,173.15,180.4,767361
DHANBANK,20210301,14.5,15.4,14.3,14.85,4087720
DHANI,20210301,365,378.9,354,358.4,1585698
DHANUKA,20210301,727.1,747.55,723.25,726.95,31406
DHARSUGAR,20210301,5.9,5.9,5.45,5.7,18515
DHFL,20210301,20.75,20.75,20.75,20.75,576976
DHUNINV,20210301,276.5,296,276.5,286.4,12102
DIAMONDYD,20210301,632.25,727.1,632.25,690.5,25131
DICIND,20210301,413,415,405,409.25,22175
DIGISPICE,20210301,104.05,104.05,104.05,104.05,50437
DISHTV,20210301,11.5,11.65,11.35,11.4,5271113
DIVISLAB,20210301,3396.7,3485,3381.35,3461.55,660836
DIXON,20210301,20097,20199,19310,19483.5,39204
DLF,20210301,305.8,310.7,302,307.3,8238981
DLINKINDIA,20210301,114.25,114.3,110,111.45,221946
DMART,20210301,3023.4,3024.15,2900,2908.45,439920
DNAMEDIA,20210301,0.85,0.85,0.85,0.85,16000
DOLAT,20210301,54.15,54.8,51.35,52.6,772351
DOLLAR,20210301,252.7,260,252.7,257.4,53673
DONEAR,20210301,33.9,34.25,32.9,33.55,32731
DPABHUSHAN,20210301,128.95,128.95,122.5,123.9,3320
DPSCLTD,20210301,13.6,13.7,13.1,13.15,85903
DPWIRES,20210301,113.15,115.1,113,114.8,4023
DREDGECORP,20210301,419,437.8,396.5,414.65,1640148
DRREDDY,20210301,4445,4478,4400.25,4453.4,709073
DSSL,20210301,65.7,68.55,63.25,64.1,73086
DTIL,20210301,278,291.4,277.3,286.95,19242
DUCON,20210301,6.85,7.1,6.75,6.75,163956
DVL,20210301,98.5,102.35,96.05,97.5,67395
DWARKESH,20210301,30.15,31.8,29.55,31.45,3387978
DYNAMATECH,20210301,928,960,909,931.55,43110
DYNPRO,20210301,409.7,470,403.05,449.1,339887
EASTSILK,20210301,1.7,1.75,1.7,1.7,9500
EBBETF0423,20210301,1107.25,1107.25,1105.8,1106.25,709
EBBETF0425,20210301,1021,1050,1015.52,1017.66,18358
EBBETF0430,20210301,1117.95,1118,1110,1111.72,15772
EBBETF0431,20210301,998.94,998.99,996.02,998.13,7824
EBIXFOREX,20210301,449.4,450,440.35,443.55,2208
ECLERX,20210301,933.8,941.85,925,935.6,28648
EDELWEISS,20210301,70,72,68.6,69.5,2751965
EICHERMOT,20210301,2523,2568.9,2497.15,2556.15,1283153
EIDPARRY,20210301,318.95,340,318,335.95,1246142
EIHAHOTELS,20210301,268.1,273.55,265.1,271.8,2091
EIHOTEL,20210301,97.5,97.75,96.05,96.6,438701
EIMCOELECO,20210301,337.75,353,335.5,346.45,4093
EKC,20210301,77.9,79.55,75.6,77.05,351978
ELECON,20210301,57.4,58.05,55.05,55.3,378744
ELECTCAST,20210301,25.25,25.75,24.4,25.2,888471
ELECTHERM,20210301,121.2,122.45,118.15,118.45,18337
ELGIEQUIP,20210301,186.45,187.45,183.35,185.45,185073
ELGIRUBCO,20210301,28.5,28.9,26.35,27.45,64015
EMAMILTD,20210301,456,475,442.5,459.9,567521
EMAMIPAP,20210301,95.9,96.45,93.85,94.25,11330
EMAMIREAL,20210301,52.5,52.5,49.05,49.05,138316
EMKAY,20210301,69.4,72.65,69.2,70.1,25575
EMMBI,20210301,81.9,83.9,81.4,82.7,16517
ENDURANCE,20210301,1450,1478,1400,1404.85,81479
ENERGYDEV,20210301,10.35,10.35,9.65,10.05,29029
ENGINERSIN,20210301,81.45,89.25,81.2,86.2,34049536
ENIL,20210301,159.8,167.5,158.25,161.85,66146
EPL,20210301,218.35,223,217.35,220.7,274823
EQ30,20210301,428.74,428.74,415,415,88
EQUITAS,20210301,86,88.6,85.65,88.15,1993322
EQUITASBNK,20210301,47.3,50.8,47,49.45,2542227
ERIS,20210301,599.9,602.8,592.4,594.25,99028
EROSMEDIA,20210301,28.4,29.85,27.6,28.75,580351
ESABINDIA,20210301,1880,1932.95,1869.95,1899.35,28352
ESCORTS,20210301,1342,1342,1278,1288.7,1623331
ESSARSHPNG,20210301,8.55,9.3,8.55,9,57498
ESTER,20210301,105.25,106.9,104.6,105.95,184864
EVEREADY,20210301,335,335,300.6,305.75,2469215
EVERESTIND,20210301,312.8,318.05,310.1,311.25,45660
EXCEL,20210301,2.7,2.75,2.55,2.75,57786
EXCELINDUS,20210301,840,872,840,863.05,17043
EXIDEIND,20210301,204.5,207.4,203,206.55,2612806
EXPLEOSOL,20210301,506,522.25,506,508.35,9068
FACT,20210301,88.9,105.4,87.85,104.55,9474284
FAIRCHEMOR,20210301,615.7,645.8,613,623.45,11669
FCL,20210301,69.05,70,68.5,68.75,223643
FCONSUMER,20210301,8.05,8.15,7.95,7.95,4320399
FCSSOFT,20210301,0.8,0.8,0.75,0.75,2336171
FDC,20210301,283,283,275.8,279.3,161443
FEDERALBNK,20210301,84.65,84.75,82.5,83.05,13016839
FEL,20210301,10.3,10.35,9.9,10.1,1308315
FELDVR,20210301,13.95,14.2,12.65,13.35,58217
FIEMIND,20210301,538,552,534.05,544,26434
FILATEX,20210301,68.5,68.8,67.25,67.85,454424
FINCABLES,20210301,391.1,398.1,390.35,392.6,119362
FINEORG,20210301,2350,2364.95,2305.35,2326.65,19314
FINPIPE,20210301,622,640,619.1,622.3,142869
FLEXITUFF,20210301,22.85,25.2,22.85,25.2,5968
FLFL,20210301,78.8,79.8,78.4,78.55,131998
FLUOROCHEM,20210301,588.9,588.9,570.6,576.4,81007
FMGOETZE,20210301,302.15,306.45,302.15,304.4,15759
FMNL,20210301,17.3,18,17.3,17.7,26287
FORCEMOT,20210301,1309.95,1332.7,1306.4,1312,21097
FORTIS,20210301,159,172.4,159,170.75,5710024
FOSECOIND,20210301,1219.95,1239,1209,1224.25,1087
FRETAIL,20210301,70,70.4,69.05,69.35,1919671
FSC,20210301,94.45,95.25,91.5,92.55,68269
FSL,20210301,100.5,101.9,99.1,99.45,2238899
G5,20210301,47.11,47.14,47.08,47.14,21112
GABRIEL,20210301,117,117,115.05,116.15,215627
GAEL,20210301,126.7,134.7,125.3,131.85,555761
GAIL,20210301,144.1,145.65,142.5,144.5,16859409
GAL,20210301,2.45,2.5,2.35,2.45,101270
GALAXYSURF,20210301,2210,2350,2210,2332.45,61072
GALLANTT,20210301,49.65,52.9,48.95,50.3,122799
GALLISPAT,20210301,41,41.8,40.2,40.8,21851
GAMMNINFRA,20210301,0.75,0.85,0.75,0.75,2692068
GANDHITUBE,20210301,265,272,264.6,265.85,3740
GANECOS,20210301,596,629,588.05,619.3,44815
GANESHHOUC,20210301,58.85,58.85,57.05,58.8,99982
GANGESSECU,20210301,62,62,60.1,61.55,2428
GANGOTRI,20210301,0.55,0.55,0.5,0.5,19449
GARFIBRES,20210301,2650,2679.75,2551.5,2596.45,29412
GATI,20210301,93.5,95.5,92.1,94.7,667805
GAYAHWS,20210301,0.75,0.75,0.7,0.7,437128
GAYAPROJ,20210301,38.5,40.5,38.5,39.25,545460
GBGLOBAL,20210301,6.95,7.05,6.45,6.95,2425
GDL,20210301,177.05,181.3,174.7,175.7,96996
GEECEE,20210301,96.1,106.6,95.95,101.25,67257
GEEKAYWIRE,20210301,83.65,83.65,77.6,79.45,18330
GENCON,20210301,55.5,57.4,54.35,56.5,10219
GENESYS,20210301,81.35,85,77.5,84.3,48687
GENUSPAPER,20210301,7.05,7.25,7,7.05,159996
GENUSPOWER,20210301,38.7,38.7,37.2,37.4,203285
GEOJITFSL,20210301,52.5,52.95,51.8,51.9,190566
GEPIL,20210301,273.2,279.6,273.2,276.3,73481
GESHIP,20210301,315.9,325.7,304.75,308.05,597967
GET&D,20210301,129.9,134,127.5,131.8,121326
GFLLIMITED,20210301,96.9,96.9,92.15,93.2,80765
GFSTEELS,20210301,2.1,2.1,2.1,2.1,14
GHCL,20210301,220,220.5,217,218.15,231765
GICHSGFIN,20210301,134.75,138.8,132.65,135.7,410778
GICRE,20210301,192,200.3,188.25,197.65,1355519
GILLANDERS,20210301,41.5,42.15,40.8,42.05,8194
GILLETTE,20210301,5531.05,5600,5516.2,5556.7,2085
GINNIFILA,20210301,19.05,19.45,18.65,18.85,44834
GIPCL,20210301,78,80.55,78,79.55,366203
GISOLUTION,20210301,2.2,2.2,2.2,2.2,198
GKWLIMITED,20210301,484.95,521.55,482.95,511.5,1181
GLAND,20210301,2425,2467.7,2350,2358.7,120452
GLAXO,20210301,1461.15,1474.45,1443.65,1457.25,31233
GLENMARK,20210301,468.7,473.9,461.8,467.95,1174175
GLFL,20210301,3.5,3.5,3.2,3.35,82013
GLOBAL,20210301,49.25,50.15,47.95,49.95,5982
GLOBE,20210301,57,62.5,57,57.1,30733
GLOBOFFS,20210301,9.5,9.5,9.5,9.5,31619
GLOBUSSPR,20210301,352,356,323.25,331.25,388314
GMBREW,20210301,425.3,426.65,419.5,423.9,18365
GMDCLTD,20210301,62.55,64.9,62.25,63.7,3843282
GMMPFAUDLR,20210301,4130.55,4426.7,4061.15,4292.35,104073
GMRINFRA,20210301,26.4,26.5,25.85,26.2,9277410
GNA,20210301,393,393,385.2,390.15,58474
GNFC,20210301,300,334.75,297.35,329.95,8947678
GOACARBON,20210301,336,339.95,315,326.05,32307
GOCLCORP,20210301,246.95,248,239.35,240.35,11889
GODFRYPHLP,20210301,902,910,896,902.3,43325
GODHA,20210301,41.25,42.5,38.5,41.85,633
GODREJAGRO,20210301,490.95,491.7,478.05,479.6,160052
GODREJCP,20210301,690,692.4,673,686.25,1586182
GODREJIND,20210301,449.5,453.6,445,451.95,234302
GODREJPROP,20210301,1551.8,1572.25,1518,1539.95,597656
GOKEX,20210301,84,84.65,81.85,82.05,111293
GOKUL,20210301,18.8,19.4,18.6,18.85,99786
GOKULAGRO,20210301,23.4,23.4,20.35,22.1,104395
GOLDBEES,20210301,41.98,41.98,39.9,39.96,5824139
GOLDENTOBC,20210301,49.7,49.7,45.1,45.65,15623
GOLDIAM,20210301,345,360.95,345,349.05,58905
GOLDSHARE,20210301,4547.3,4547.3,4135,4147.35,4326
GOLDTECH,20210301,15.65,15.65,15.65,15.65,3312
GOODLUCK,20210301,72.6,73.5,71.75,72.2,108729
GOODYEAR,20210301,970,996,969.55,978.95,22251
GPIL,20210301,583,603,572.95,584.15,154236
GPPL,20210301,101.7,101.7,97.5,98.8,510963
GPTINFRA,20210301,42.3,42.3,39.45,41.1,34305
GRANULES,20210301,326.85,344.4,325.05,341.8,3335215
GRAPHITE,20210301,486.2,489.8,476.65,478.75,883874
GRASIM,20210301,1206.95,1270,1202.2,1265.95,1601364
GRAVITA,20210301,96.85,112.6,95.75,112.25,3024732
GREAVESCOT,20210301,139.7,144.5,135.15,140.7,3570670
GREENLAM,20210301,932.55,960,922.6,941.8,3792
GREENPANEL,20210301,175.1,185,175.1,179.9,120035
GREENPLY,20210301,174.75,190,174.75,183.85,1519217
GREENPOWER,20210301,2.15,2.2,2.05,2.15,2761668
GRINDWELL,20210301,862.55,923,862.55,912.05,67692
GROBTEA,20210301,999.05,1029.05,961,999,908
GRPLTD,20210301,792.95,809.95,781.1,800,1270
GRSE,20210301,200,202.8,198,199.4,225738
GSCLCEMENT,20210301,36.3,37.9,36.1,37.45,373665
GSFC,20210301,90.85,102.9,88.7,100.6,22446656
GSPL,20210301,251,253.2,246.55,249.4,860690
GSS,20210301,51.05,54,50.5,52.95,368943
GTL,20210301,6.85,6.9,6.7,6.75,91475
GTLINFRA,20210301,0.95,0.95,0.9,0.95,14258056
GTNIND,20210301,10.9,11.2,10.55,11.2,4020
GTNTEX,20210301,5.45,5.45,5.2,5.2,2793
GTPL,20210301,124,127.55,122,123.55,183292
GUFICBIO,20210301,119,122.75,115.95,119.25,340224
GUJALKALI,20210301,315,346.95,314.05,341.8,632634
GUJAPOLLO,20210301,218.2,222,212.5,215.65,8607
GUJGASLTD,20210301,502,540,498.3,533.05,3070252
GUJRAFFIA,20210301,79.3,79.4,78.9,79.4,31537
GULFOILLUB,20210301,739,764,729.7,760.85,44526
GULFPETRO,20210301,41.95,43.7,41.15,43.05,126721
GULPOLY,20210301,93.1,95.7,92.5,94.6,95246
HAL,20210301,1103.65,1103.95,1080,1085.25,319375
HAPPSTMNDS,20210301,541,544,524,527.25,1635461
HARITASEAT,20210301,761.1,789,761.1,771.95,52910
HARRMALAYA,20210301,133.8,145.6,133.75,139.95,1161117
HATHWAY,20210301,30.25,32.45,29.8,31,3361435
HATSUN,20210301,718.95,729,706.3,719.3,32258
HAVELLS,20210301,1124,1125.55,1096.05,1112.15,2136966
HAVISHA,20210301,0.85,0.85,0.75,0.8,47904
HBANKETF,20210301,353.6,356.66,349,351.9,5036
HBLPOWER,20210301,38,40.35,37.55,39.75,2295118
HBSL,20210301,14.9,14.9,14.9,14.9,254
HCC,20210301,8.3,8.45,8.1,8.2,2688044
HCG,20210301,170,171,166,167.95,102585
HCL-INSYS,20210301,9.6,9.6,9.4,9.45,373382
HCLTECH,20210301,916,934.45,915.65,930.35,5397960
HDFC,20210301,2556,2614.6,2548.6,2606,3595993
HDFCAMC,20210301,2935,2980,2930,2938.75,126968
HDFCBANK,20210301,1564,1572.55,1540.7,1558.9,6768009
HDFCLIFE,20210301,711.3,713.5,700.15,705.25,2210665
HDFCMFGETF,20210301,41.25,41.35,41,41.08,1111134
HDFCNIFETF,20210301,164.7,164.7,154.97,157.13,19298
HDFCSENETF,20210301,544.99,559.98,538,549.24,2297
HEG,20210301,1458.05,1487.95,1433.6,1444,285624
HEIDELBERG,20210301,233.4,234.8,226,227.6,203142
HEMIPROP,20210301,182,183,172,173.05,753189
HERCULES,20210301,127.35,127.35,124.55,125.25,47648
HERITGFOOD,20210301,316.2,357.95,315.55,344.95,552937
HEROMOTOCO,20210301,3255,3363.05,3250,3350.2,1176879
HESTERBIO,20210301,1783.95,1814.8,1711.65,1730.4,7494
HEXATRADEX,20210301,71.5,71.65,66,71.25,91812
HFCL,20210301,29.5,30.2,29.05,29.2,8874941
HGINFRA,20210301,293.95,293.95,280.5,281.8,75277
HGS,20210301,1153.1,1186.15,1141,1145.7,9992
HIKAL,20210301,162,162,158.15,159.85,285958
HIL,20210301,3120,3120,2979,2995.8,19818
HILTON,20210301,10.55,10.6,9.65,10.55,23778
HIMATSEIDE,20210301,156.6,161.8,155.9,156.8,197456
HINDALCO,20210301,342,347,334.6,344.1,14556212
HINDCOMPOS,20210301,310.6,310.6,298.45,300.95,3738
HINDCOPPER,20210301,157,157.3,155,157.3,1906527
HINDMOTORS,20210301,7.9,7.95,7.35,7.75,130393
HINDNATGLS,20210301,25.7,26,24.9,25.95,178684
HINDOILEXP,20210301,99.1,102,96.75,99.1,981137
HINDPETRO,20210301,246.4,252.4,243.55,247.5,7105216
HINDUNILVR,20210301,2135.2,2154,2128,2143.4,1229276
HINDZINC,20210301,300.1,304.55,298.25,300.15,843480
HIRECT,20210301,136.7,139.95,136.7,138.35,14831
HISARMETAL,20210301,103,106,101.25,103.6,17327
HITECH,20210301,329.75,349.8,328.1,344.4,68302
HITECHCORP,20210301,141.5,143.95,135,136.9,4217
HITECHGEAR,20210301,175.05,178.15,174,175.9,913
HLEGLAS,20210301,1991,2190.2,1981,2185.45,21078
HLVLTD,20210301,5.8,6,5.7,5.85,580694
HMVL,20210301,69.4,73.25,65.25,72,329263
HNDFDS,20210301,2240,2261.6,2048,2201,48144
HNGSNGBEES,20210301,359.97,359.97,320.9,352.41,13563
HOMEFIRST,20210301,538.1,548.65,527.5,530.5,327207
HONAUT,20210301,45288.4,46417.2,45101.1,45468.3,8558
HONDAPOWER,20210301,1055.9,1124.95,1050.6,1110.15,53614
HOTELRUGBY,20210301,1.2,1.2,1.2,1.2,1150
HOVS,20210301,38.95,41.35,38.95,39.65,2962
HPL,20210301,42.75,46.1,42.75,44.95,538753
HSCL,20210301,53.7,55,44.1,45.65,76471951
HSIL,20210301,175.75,179.5,170.05,173.45,129880
HTMEDIA,20210301,27.65,27.65,25.85,26.2,262791
HUBTOWN,20210301,15.9,16.35,15.85,16.15,22269
HUDCO,20210301,49.65,54.6,49.1,53.75,21861123
HUHTAMAKI,20210301,289.5,292.85,273,274.2,320463
IBMFNIFTY,20210301,155.9,155.9,149,152,421
IBREALEST,20210301,90.75,97.85,88.7,94.2,16467898
IBULHSGFIN,20210301,222,224.2,216.85,222.35,13980146
ICEMAKE,20210301,73.95,73.95,71.5,73.15,15798
ICICI500,20210301,209.98,209.98,199.7,203,6151
ICICIALPLV,20210301,139.7,140.99,134,137.4,3519
ICICIB22,20210301,38.5,38.5,37.31,37.8,483684
ICICIBANK,20210301,607.55,611.85,600.2,608.35,21527318
ICICIBANKN,20210301,356,356,347.53,350.64,11270
ICICIBANKP,20210301,188.9,189.5,182.95,185.83,42730
ICICIGI,20210301,1430,1454.95,1406,1427.1,414978
ICICIGOLD,20210301,41.2,41.74,40.65,41,907959
ICICILIQ,20210301,999.45,1000,999.45,999.99,4149
ICICILOVOL,20210301,95,119.7,95,117.13,162868
ICICIM150,20210301,90.3,91,87.75,90,6174
ICICIMCAP,20210301,93.8,93.8,86.08,87.03,15884
ICICINF100,20210301,166.1,169.9,159,160.82,3954
ICICINIFTY,20210301,178.8,178.8,155.8,157.28,107757
ICICINV20,20210301,76.7,76.9,73.5,75.27,11454
ICICINXT50,20210301,35.97,35.97,34.75,35.14,23286
ICICIPRULI,20210301,464.05,477.2,464.05,472.15,2102226
ICICISENSX,20210301,538,547,534.01,536.35,3019
ICICITECH,20210301,249.89,249.89,241,248.25,40582
ICIL,20210301,133.6,133.6,128.75,129.75,82266
ICRA,20210301,2799,2799,2717.85,2768.85,992
IDBI,20210301,32,32.55,31.55,31.75,12522395
IDBIGOLD,20210301,4305.8,4400,4251.1,4261.25,207
IDEA,20210301,11.4,11.45,10.9,11.05,183553814
IDFC,20210301,55.45,55.6,53.9,54.3,6220331
IDFCFIRSTB,20210301,64.35,64.5,62.7,63.45,33031626
IDFNIFTYET,20210301,156.76,157.85,153.51,154.72,170
IEX,20210301,293.85,304.4,292.5,301.05,1455692
IFBAGRO,20210301,425.8,426.85,417.05,424.5,5670
IFBIND,20210301,1232,1249,1202.1,1206.8,18661
IFCI,20210301,9.05,9.9,8.95,9.5,10008636
IFGLEXPOR,20210301,259.95,274.95,258,259.35,17542
IGARASHI,20210301,320.95,328.5,319.9,321.75,92257
IGL,20210301,494,501,490.3,494.2,2602299
IGPL,20210301,442,471.7,442,461.05,113977
IIFL,20210301,284.85,286.8,278,283.85,544065
IIFLSEC,20210301,55.5,56.95,54.55,55.05,876626
IIFLWAM,20210301,1244.8,1244.8,1155,1165.5,18050
IITL,20210301,58.7,61.5,57.5,58.05,3160
IMAGICAA,20210301,6.5,6.85,6.2,6.8,624908
IMFA,20210301,481.6,495.15,477.75,488.85,45511
IMPAL,20210301,694.25,702,690,696.65,3172
IMPEXFERRO,20210301,0.45,0.55,0.45,0.55,4330
INDBANK,20210301,15.95,16,14.55,14.75,137684
INDHOTEL,20210301,124,124.05,120.35,121.55,1631914
INDIACEM,20210301,164.45,178.6,164.4,176.05,7288624
INDIAGLYCO,20210301,505.05,526,505.05,512.7,421154
INDIAMART,20210301,8700,8807.9,8550,8580.85,83294
INDIANB,20210301,138.5,139.55,135.8,137.5,1528214
INDIANCARD,20210301,135.05,135.05,125.3,132.95,3228
INDIANHUME,20210301,188.8,191.1,186.5,188.2,46121
INDIGO,20210301,1621,1685,1620.05,1674.7,1088141
INDIGOPNTS,20210301,2544,2546.85,2490,2506.15,330580
INDLMETER,20210301,15.55,16.7,15.45,15.5,3375
INDNIPPON,20210301,388,417,387.65,406.1,55152
INDOCO,20210301,295,302,289.15,297.8,86988
INDORAMA,20210301,35,36.5,35,36.05,39027
INDOSTAR,20210301,339.5,341.8,330.1,331.85,19401
INDOTECH,20210301,99.25,102.8,97.75,101.8,21933
INDOTHAI,20210301,50.05,53.5,50.05,52.9,6478
INDOWIND,20210301,4.15,4.2,4.05,4.2,44493
INDRAMEDCO,20210301,53.55,54.1,53.1,53.5,93176
INDSWFTLAB,20210301,78.45,78.45,74.85,75.8,73906
INDSWFTLTD,20210301,4,4.1,3.9,4,30110
INDTERRAIN,20210301,36.85,36.85,35.3,36.15,76773
INDUSINDBK,20210301,1075,1096.6,1063.15,1067.95,6358886
INDUSTOWER,20210301,261.15,265,250.7,252.25,5607199
INEOSSTYRO,20210301,967.3,982,950.1,976.7,31573
INFIBEAM,20210301,101,107,98,101.3,8578606
INFOBEAN,20210301,154.75,154.8,150.5,152.3,21744
INFOMEDIA,20210301,4.15,4.3,4,4.1,30264
INFRABEES,20210301,443.6,449.89,429.01,434.47,2802
INFY,20210301,1263.3,1284.5,1259,1267,5756286
INGERRAND,20210301,746.3,752,736.85,741.65,16361
INOXLEISUR,20210301,307.4,316.55,307.05,308.65,930902
INOXWIND,20210301,69,70.5,68.55,69.05,109854
INSECTICID,20210301,458.6,465.1,455,455.5,22231
INSPIRISYS,20210301,39.35,39.35,36.7,37.15,7880
INTEGRA,20210301,2.15,2.15,2.05,2.15,446
INTELLECT,20210301,436,447.95,421.45,426.8,542258
INTENTECH,20210301,36.9,36.9,35.7,36.05,26323
INVENTURE,20210301,20.55,21,19.7,20.65,59905
IOB,20210301,18.9,18.9,17.7,17.8,13488126
IOC,20210301,101,101.5,99.8,100.7,30046249
IOLCP,20210301,563.7,567.35,546,548.4,321733
IPCALAB,20210301,1840.55,1925,1822.25,1903.1,236754
IRB,20210301,109.3,109.3,106.55,107.1,677203
IRCON,20210301,94.85,97.7,94.35,96.15,1750036
IRCTC,20210301,1787.95,1974.85,1775.55,1938.45,6616257
IRFC,20210301,24.65,26.7,24.65,25.9,93579588
IRISDOREME,20210301,134.9,135.55,130,135.55,31867
ISEC,20210301,409,410.9,402.3,403.75,423618
ISFT,20210301,67.9,68.45,63.75,66.85,7867
ISMTLTD,20210301,10.7,10.7,10.3,10.45,73689
ITC,20210301,205.45,207.75,204.05,206.9,16225536
ITDC,20210301,327,336.3,321.6,325.9,151930
ITDCEM,20210301,77.95,83,77.25,82.25,1451655
ITI,20210301,127.2,131.25,126.6,127.4,627512
IVC,20210301,4.7,4.7,4.45,4.5,102818
IVP,20210301,138.6,138.6,126,132.2,8401
IVZINGOLD,20210301,4252.95,4252.95,4135,4188,60
IVZINNIFTY,20210301,1659.9,1659.99,1550.1,1572.31,166
IZMO,20210301,58.4,60.1,57.3,58.7,48868
J&KBANK,20210301,29.45,29.5,28.7,28.95,2181797
JAGRAN,20210301,64,65.4,60.1,61.1,4497181
JAGSNPHARM,20210301,92.15,97.5,87.45,89.1,499936
JAIBALAJI,20210301,28.25,29.65,27.6,29.65,74771
JAICORPLTD,20210301,91.35,94.4,90.7,92.3,1560010
JAMNAAUTO,20210301,70,71,68,68.25,1264803
JASH,20210301,278.9,301,270.15,290.6,54304
JAYAGROGN,20210301,139.75,143,135.7,141.75,47817
JAYBARMARU,20210301,237.5,240,235,238.5,15166
JAYNECOIND,20210301,8.45,8.45,8.45,8.45,41043
JAYSREETEA,20210301,69.15,72.5,69.15,71.6,516568
JBCHEPHARM,20210301,1118.6,1173.85,1116.05,1143.7,122410
JBFIND,20210301,13,13,11.95,12.05,285381
JBMA,20210301,425,438.25,425,432.55,44440
JCHAC,20210301,2591.25,2820,2591.25,2732,114139
JHS,20210301,24.3,24.75,23.75,24.25,99605
JIKIND,20210301,0.4,0.4,0.3,0.3,11206
JINDALPHOT,20210301,36.15,37.3,35.8,36,15278
JINDALPOLY,20210301,495.8,507.8,493.15,499.7,82813
JINDALSAW,20210301,80.85,81.9,78.8,79.7,2370665
JINDALSTEL,20210301,338,348.7,332.6,345.4,5995931
JINDCOT,20210301,1.4,1.5,1.4,1.5,47218
JINDRILL,20210301,102.8,102.8,96,96.75,35475
JINDWORLD,20210301,57.9,57.9,51.95,55.8,167885
JISLDVREQS,20210301,13,13,12.4,12.45,20639
JISLJALEQS,20210301,19,19.3,18.2,18.3,3180061
JITFINFRA,20210301,9.25,9.9,9.25,9.9,362
JIYAECO,20210301,6.35,6.55,6.25,6.3,22219
JKCEMENT,20210301,2688.1,2781.55,2621.55,2660.65,179578
JKIL,20210301,192,198,186.25,188.45,135522
JKLAKSHMI,20210301,376.5,396.9,373.6,394,787844
JKPAPER,20210301,146.1,149.5,145.3,146.3,981247
JKTYRE,20210301,124.9,129.8,123.15,126.45,3215723
JMA,20210301,34.95,35,34.35,34.75,8765
JMCPROJECT,20210301,75.9,78.5,75,76.4,145963
JMFINANCIL,20210301,91.5,94,91,91.5,792668
JMTAUTOLTD,20210301,2.8,2.8,2.65,2.8,399420
JOCIL,20210301,161.15,161.95,158.5,159.05,13770
JPASSOCIAT,20210301,8.85,8.85,8.85,8.85,8195651
JPINFRATEC,20210301,1.65,1.7,1.65,1.7,1195197
JPOLYINVST,20210301,32.2,32.2,32.2,32.2,2000
JPPOWER,20210301,2.8,2.85,2.75,2.85,7030140
JSL,20210301,71.75,72.6,70.05,70.25,640624
JSLHISAR,20210301,125.3,125.85,122.5,123.15,252773
JSWENERGY,20210301,72.5,75.4,71.9,74.3,2948364
JSWHL,20210301,3724,3784.7,3685,3720.4,1672
JSWISPL,20210301,28.1,28.35,27.35,27.7,452586
JSWSTEEL,20210301,402.6,408.45,393.35,405.1,5834233
JTEKTINDIA,20210301,88.1,91.85,88.1,88.8,414470
JUBLFOOD,20210301,2997.1,3050,2968.85,3037.4,530142
JUBLINDS,20210301,217,224.8,211.1,213.65,54132
JUBLPHARMA,20210301,777.7,785,764,781.25,86329
JUMPNET,20210301,13.35,13.35,13.35,13.35,36034
JUNIORBEES,20210301,368,368,359.5,361.41,81219
JUSTDIAL,20210301,740,824.35,726.4,810.1,13200978
JYOTHYLAB,20210301,148.15,150.9,147.1,147.9,250832
KABRAEXTRU,20210301,130.5,153,130.5,150,953967
KAJARIACER,20210301,947.05,955.55,931.1,937.4,125464
KAKATCEM,20210301,174.15,179,173.3,176.65,20830
KALPATPOWR,20210301,384.9,395,384,387.95,491064
KALYANIFRG,20210301,190,196.8,190,190.05,1205
KAMATHOTEL,20210301,34,34.65,33.7,33.85,31482
KAMDHENU,20210301,124.6,139.8,123.45,133.4,409568
KANANIIND,20210301,4.4,4.8,4.4,4.65,42239
KANORICHEM,20210301,84,85.95,81.05,84.55,37519
KANPRPLA,20210301,132.3,134.6,128.45,132.2,14289
KANSAINER,20210301,562,564.45,555.1,561.3,251384
KAPSTON,20210301,101.9,102.45,97.85,102.45,315
KARDA,20210301,115.1,119.85,113,115.5,227759
KARMAENG,20210301,15.6,15.9,14.85,15.7,4966
KARURVYSYA,20210301,60.3,61.2,58.5,58.85,1523287
KAUSHALYA,20210301,1.9,1.9,1.8,1.8,2446
KAVVERITEL,20210301,1.65,1.7,1.65,1.7,3978
KAYA,20210301,304,314.55,301.55,310.7,40679
KCP,20210301,75.55,81.9,75.55,80.95,1435886
KCPSUGIND,20210301,16.15,16.25,15.75,16.05,415475
KDDL,20210301,296.2,319.85,292.05,316.1,7708
KEC,20210301,444.9,455,436.05,451.3,579419
KECL,20210301,14,14,13,13.5,134837
KEERTI,20210301,24.95,25.3,24.85,25.2,8258
KEI,20210301,502.7,504.9,489.6,494.1,328960
KELLTONTEC,20210301,75.7,77.35,74,74.3,801010
KENNAMET,20210301,1149,1149,1091.6,1100.6,12354
KERNEX,20210301,28.6,31.35,28.6,31.15,8227
KESORAMIND,20210301,70.2,81.8,70,78.25,5174938
KEYFINSERV,20210301,61.45,64.6,61.45,61.55,1195
KHADIM,20210301,157.15,170,157.15,165.05,322670
KHAICHEM,20210301,24.75,27.9,24.55,26.75,1044135
KHAITANLTD,20210301,17,18.4,16.85,18.4,3803
KHANDSE,20210301,13.1,14.15,13.1,14.15,2613
KICL,20210301,1637,1637,1550,1590.35,216
KILITCH,20210301,90,90,87.6,88.8,6659
KINGFA,20210301,560.7,647.9,560.7,627,32227
KIOCL,20210301,155.05,166.9,155,166.9,361127
KIRIINDUS,20210301,455,475,451.6,465.3,163117
KIRLFER,20210301,161.9,161.9,154.65,157.65,133338
KIRLOSBROS,20210301,158.8,158.8,153,154.3,66919
KIRLOSENG,20210301,161.9,164.75,159.15,160,112701
KIRLOSIND,20210301,1241.55,1245.05,1206.2,1220.05,4112
KITEX,20210301,107.9,107.9,105.55,106.2,103378
KKCL,20210301,925,930,912.55,917.9,978
KMSUGAR,20210301,11.25,11.25,10.7,10.95,247325
KNRCON,20210301,210,211.95,208,208.4,309737
KOKUYOCMLN,20210301,64.75,66.5,63.6,63.95,359738
KOLTEPATIL,20210301,243.9,247,240.65,244.05,60196
KOPRAN,20210301,121.65,122.75,117,117.95,307523
KOTAKBANK,20210301,1811,1854.9,1801.4,1845.4,3260044
KOTAKBKETF,20210301,384,384,353,355.24,149907
KOTAKGOLD,20210301,401.55,407.9,401.55,403.15,36396
KOTAKNIFTY,20210301,165.9,165.9,152.97,154.46,72431
KOTAKNV20,20210301,77.6,77.99,75.5,76.89,5316
KOTAKPSUBK,20210301,242.94,242.99,231.8,232.36,34826
KOTARISUG,20210301,25,26.45,24.7,25.6,240039
KOTHARIPET,20210301,25.3,29.6,24.55,29.6,817229
KOTHARIPRO,20210301,70.9,71.3,69.5,70.4,13807
KPITTECH,20210301,147,147.35,141.9,142.5,365330
KPRMILL,20210301,933.5,991.8,922.4,978.2,168889
KRBL,20210301,198.8,200,194,194.7,340189
KREBSBIO,20210301,114,116.85,111.7,112.3,11086
KRIDHANINF,20210301,3.8,3.9,3.55,3.9,169978
KRISHANA,20210301,71,75,67.1,72.4,2331
KSB,20210301,739.05,765,722.25,732.85,90713
KSCL,20210301,512,521.8,511,517.2,135634
KSL,20210301,317.55,335,312.55,329.2,268037
KTKBANK,20210301,68.15,68.9,67.5,67.8,1876726
KUANTUM,20210301,53.7,54.45,52.65,53.85,56199
L&TFH,20210301,105.1,108.4,104.05,107.2,21914799
LALPATHLAB,20210301,2342.25,2345.8,2286,2335.9,124800
LAMBODHARA,20210301,47.5,47.7,45.5,46.4,41051
LAOPALA,20210301,221.7,222,217.25,221.1,75038
LASA,20210301,67.15,70.25,66.7,67.25,203579
LAURUSLABS,20210301,352.35,368.9,352.35,363.7,3122894
LAXMIMACH,20210301,6579.95,6695.9,6297.75,6397.2,13916
LEMONTREE,20210301,40.85,41.45,40.5,40.65,743770
LFIC,20210301,79.8,81,76.2,79.2,4499
LGBBROSLTD,20210301,311.8,315,308.85,310.45,54782
LGBFORGE,20210301,4.3,4.35,4.05,4.05,174820
LIBAS,20210301,44.35,45.5,43.55,44,5649
LIBERTSHOE,20210301,141,146.75,140.35,144.1,313751
LICHSGFIN,20210301,435,437.4,428,433.2,3331413
LICNETFGSC,20210301,22.52,22.52,21.42,21.62,15140
LICNETFN50,20210301,170,170,155.1,159.56,1813
LICNETFSEN,20210301,545.9,555.69,525,537.05,259
LICNFNHGP,20210301,154,154,150,150.4,141
LIKHITHA,20210301,276.9,282,275,278.55,85947
LINCOLN,20210301,227.55,238,227.5,234.75,386822
LINCPEN,20210301,170.6,173.2,169.05,171.25,1413
LINDEINDIA,20210301,1599,1653.5,1575,1642.95,117148
LIQUIDBEES,20210301,1002.3,1002.3,999.3,999.99,1243740
LIQUIDETF,20210301,1000.04,1000.04,999.99,999.99,8918
LOKESHMACH,20210301,36.4,37.45,35.35,35.75,5761
LOTUSEYE,20210301,35.75,35.75,34.1,34.75,3567
LOVABLE,20210301,91,91,88.25,88.9,103817
LPDC,20210301,2.1,2.1,2,2,7470
LSIL,20210301,1,1.05,0.95,1.05,4916908
LT,20210301,1456,1486,1438.2,1472.85,2494481
LTI,20210301,3590,3695.2,3590,3608.05,190862
LTTS,20210301,2589.5,2626,2570,2578.05,94565
LUMAXIND,20210301,1480,1520.8,1480,1513.2,4075
LUMAXTECH,20210301,147.05,148.9,141.5,142.85,92299
LUPIN,20210301,1023.45,1034.9,1011,1023.15,1824557
LUXIND,20210301,1764,1774,1721.3,1749,32513
LYKALABS,20210301,30.2,31,29.5,30.7,41879
LYPSAGEMS,20210301,5,5.1,4.7,5.05,30363
M&M,20210301,821,852.7,816.2,819.45,9223619
M&MFIN,20210301,207,209.9,201.75,206.05,8234693
M100,20210301,24.98,25.25,24.58,25.13,87111
M50,20210301,147.6,148.2,142.1,144.25,829
MAANALU,20210301,161,175,161,162.95,79287
MACPOWER,20210301,93.95,98.6,93.95,96.6,89992
MADHAV,20210301,59.2,62,57,60.95,92651
MADHUCON,20210301,6.95,6.95,6.95,6.95,7585
MADRASFERT,20210301,27.65,28.35,27.5,28.35,254874
MAESGETF,20210301,25.05,25.05,24.1,24.89,453274
MAGADSUGAR,20210301,110.15,113.5,107.5,108.85,54308
MAGMA,20210301,122.4,123.75,118.15,121.6,2761271
MAGNUM,20210301,6.05,6.1,5.8,5.95,102287
MAHABANK,20210301,25.2,25.2,22.9,23.25,9700874
MAHAPEXLTD,20210301,77.35,79.5,77.35,79.05,3049
MAHASTEEL,20210301,99.6,99.6,94.25,94.45,10634
MAHEPC,20210301,151.6,153.45,150.5,150.9,79896
MAHESHWARI,20210301,84.1,85.2,83.45,84.1,17583
MAHINDCIE,20210301,186.85,186.85,180.6,183.45,238108
MAHLIFE,20210301,517.4,561.65,517.4,538.15,151891
MAHLOG,20210301,490,497.5,477.45,483,36702
MAHSCOOTER,20210301,3750,3781.4,3660,3676.3,4323
MAHSEAMLES,20210301,281.1,288,279.95,286.1,135877
MAITHANALL,20210301,623,623,602.55,605.4,46283
MAJESCO,20210301,111.35,111.35,111.35,111.35,141281
MALUPAPER,20210301,27.15,27.9,26.7,27.2,11672
MAN50ETF,20210301,166.7,166.7,149.8,150.88,83414
MANAKALUCO,20210301,8.9,8.9,8.5,8.55,14543
MANAKCOAT,20210301,11.85,12.55,11.7,11.95,227330
MANAKSIA,20210301,55.2,55.35,53.5,54.05,35335
MANAKSTEEL,20210301,23.2,23.2,21,21.65,74018
MANALIPETC,20210301,67,69.9,65.2,66.65,3754474
MANAPPURAM,20210301,180,180.1,172.15,174.45,4219761
MANGALAM,20210301,124,127,117,117.8,126654
MANGCHEFER,20210301,83,85.75,81.5,82.25,2414188
MANGLMCEM,20210301,279.5,282.95,276.35,278.3,39767
MANGTIMBER,20210301,11.05,11.3,10.75,11.1,8651
MANINDS,20210301,74.5,78.05,74.5,76.5,233036
MANINFRA,20210301,35.8,36.2,35.55,35.6,303778
MANUGRAPH,20210301,13,13.05,12.05,12.95,9374
MANXT50,20210301,343,344.4,342.1,342.92,9373
MARALOVER,20210301,26.25,27.15,26.25,27.15,15217
MARATHON,20210301,80.55,80.55,74.2,80.55,278695
MARICO,20210301,400.9,402.7,396.05,401.8,1971538
MARINE,20210301,62.15,64,59.7,63.45,390690
MARKSANS,20210301,56.1,58,55.55,56.05,1770911
MARUTI,20210301,6977,7032.85,6917.05,7015,1417600
MASFIN,20210301,899.9,952.05,889.25,940.05,150545
MASTEK,20210301,1190,1234,1168,1175.05,202026
MATRIMONY,20210301,1128,1149,1111,1129.7,32383
MAWANASUG,20210301,41.1,41.4,38.55,39.5,268617
MAXHEALTH,20210301,182.95,186.95,180.6,184.75,443431
MAXIND,20210301,63,64.25,62.4,63.05,411393
MAXVIL,20210301,53.2,63.3,52.95,62.55,3489993
MAYURUNIQ,20210301,424.65,428.9,412,419.8,43532
MAZDA,20210301,531.55,539.9,520.1,523.6,2965
MAZDOCK,20210301,214.95,219.6,214.3,218.15,1350131
MBAPL,20210301,82,82,80.9,81.4,1142
MBECL,20210301,12.45,12.45,11.5,11.9,867117
MBLINFRA,20210301,20.9,21.4,20.55,21,125131
MCDHOLDING,20210301,44.2,44.2,40,40.05,38478
MCDOWELL-N,20210301,537.9,547.5,532.2,546.35,1633766
MCL,20210301,95.25,95.25,91.85,92.75,21766
MCLEODRUSS,20210301,21.2,21.85,20.9,21.85,495781
MCX,20210301,1520,1534.5,1498,1503.95,194963
MEGASOFT,20210301,11.6,11.6,10.7,10.9,53732
MEGH,20210301,81.9,83.5,81.05,82.3,1839020
MENONBE,20210301,58,61.85,57.95,61.15,102881
MEP,20210301,17.5,17.9,16.25,16.5,730748
MERCATOR,20210301,1.05,1.05,1,1.05,296588
METALFORGE,20210301,5.25,5.6,5.1,5.6,26731
METROPOLIS,20210301,1999.8,1999.8,1949.5,1959.8,64359
MFSL,20210301,868,897.65,858.75,861.1,1695818
MGEL,20210301,46.1,47.8,44.8,45.3,3752
MGL,20210301,1161,1171.55,1141.7,1158.55,386954
MHRIL,20210301,226.15,231,225.3,229.85,21312
MIC,20210301,0.65,0.7,0.6,0.65,142954
MIDHANI,20210301,192.05,197.55,191.5,195.25,1382767
MINDACORP,20210301,104.5,108.1,103.3,107.3,2071939
MINDAIND,20210301,567,579,563,570.15,111181
MINDTECK,20210301,46.85,48.45,44.55,45,18727
MINDTREE,20210301,1614.15,1642.7,1596.8,1634.2,565909
MIRCELECTR,20210301,14.2,14.8,14.1,14.5,367513
MIRZAINT,20210301,52.7,55.5,52.35,53.6,2843009
MITTAL,20210301,11.4,11.4,10.8,10.9,98766
MMFL,20210301,490,490.15,461.1,468.65,7180
MMP,20210301,94.85,95.1,88.1,89.1,16339
MMTC,20210301,40.9,47.8,40.6,47.8,34964471
MODIRUBBER,20210301,161.35,161.35,155,161.35,20348
MOHITIND,20210301,7.35,8,7.35,7.65,5571
MOHOTAIND,20210301,7.4,7.6,7.2,7.45,41970
MOIL,20210301,151.5,163.35,151.25,158.8,2803990
MOLDTECH,20210301,43.4,44.75,40.95,41.25,29183
MOLDTKPAC,20210301,405,408.85,383.6,405.6,79065
MONTECARLO,20210301,230,235,230,232.25,32656
MORARJEE,20210301,14.4,14.4,12.1,12.85,21937
MOREPENLAB,20210301,29.25,29.7,29,29.1,1086723
MOTHERSUMI,20210301,216.95,233.5,216.15,231.55,40875487
MOTILALOFS,20210301,604,615.6,604,607.7,143359
MOTOGENFIN,20210301,20,20,18.9,19.3,9042
MPHASIS,20210301,1659.9,1665,1625.05,1639.3,121376
MPSLTD,20210301,471,489,471,480.2,12722
MRF,20210301,85200,89864,85152.05,89025.45,48753
MRO-TEK,20210301,31.1,31.5,31.1,31.2,280
MRPL,20210301,41.15,44.8,40.9,43.4,11738101
MSPL,20210301,7.8,7.8,7.35,7.6,16862
MSTCLTD,20210301,278,315,276.3,310.5,2621019
MTEDUCARE,20210301,8.25,8.4,8.1,8.15,134730
MTNL,20210301,13.4,13.95,13.35,13.45,3827429
MUKANDENGG,20210301,13.6,14.1,13,13.25,8566
MUKANDLTD,20210301,63.3,63.9,62,62.3,99739
MUKTAARTS,20210301,31.75,32.3,30.85,31.1,11740
MUNJALAU,20210301,64,64,62.1,62.55,260548
MUNJALSHOW,20210301,160,160.25,157,158.15,29347
MURUDCERA,20210301,21.7,23.25,21.3,22.55,186526
MUTHOOTCAP,20210301,413.95,415,403,408.1,25227
MUTHOOTFIN,20210301,1297.3,1330.35,1285,1302.1,1300733
N100,20210301,1007.1,1007.1,940.15,953.52,71850
NACLIND,20210301,38.95,41.6,38.65,41,341436
NAGAFERT,20210301,5.75,5.75,5.75,5.75,111768
NAGREEKCAP,20210301,5.8,5.8,5.8,5.8,18
NAGREEKEXP,20210301,17.4,17.85,16.9,17.15,13292
NAHARCAP,20210301,88.35,91.8,88.3,90.55,6680
NAHARINDUS,20210301,46.7,47.9,46.25,46.85,69967
NAHARPOLY,20210301,88.25,88.4,86.45,86.65,17402
NAHARSPING,20210301,82.2,88,82.2,86.6,71582
NAM-INDIA,20210301,331.05,351.45,328.65,345.25,1030673
NATCOPHARM,20210301,816,825,806.45,820.75,207283
NATHBIOGEN,20210301,265.7,291,265.7,288.15,210911
NATIONALUM,20210301,60.9,61.15,58.65,59.8,41605571
NATNLSTEEL,20210301,3.8,3.8,3.65,3.7,10360
NAUKRI,20210301,4920,5018.7,4875.45,4909.8,368985
NAVINFLUOR,20210301,2580,2727,2537.05,2657.5,351493
NAVKARCORP,20210301,40.45,40.45,39.4,39.7,363145
NAVNETEDUL,20210301,87,91,87,89.45,247926
NBCC,20210301,43.65,51.4,43.6,49,108310507
NBIFIN,20210301,1785,1786,1751.15,1785.75,35
NBVENTURES,20210301,75,75.65,71.7,72.1,3749113
NCC,20210301,89.8,93.8,87.5,92.4,8622056
NCLIND,20210301,176,182,170,180.3,1327750
NCPSESDL24,20210301,102.45,102.45,101.87,101.9,9125
NDGL,20210301,792,819,792,810.35,87
NDL,20210301,29.25,29.4,28.8,29.05,36945
NDRAUTO,20210301,235,243.5,231,237.95,5125
NDTV,20210301,48,50.15,48,50,73484
NECCLTD,20210301,9.6,10,9.2,9.7,30417
NECLIFE,20210301,20.3,20.95,20.2,20.35,576121
NELCAST,20210301,65.85,66.8,64.45,65.75,145467
NELCO,20210301,211,224.2,207.5,219.35,524560
NEOGEN,20210301,830,851.9,816.05,829.7,38575
NESCO,20210301,593,600.75,585,597.25,51898
NESTLEIND,20210301,16236,16367.6,16100,16292.45,90718
NETF,20210301,172.74,175.09,169.3,172.67,1323
NETFCONSUM,20210301,65.96,65.96,63.4,64.36,7149
NETFDIVOPP,20210301,41.9,41.9,36.25,36.59,9344
NETFIT,20210301,25.37,25.5,24.65,24.79,1015752
NETFLTGILT,20210301,21.99,22.01,21.94,22,57843
NETFMID150,20210301,88.5,90.59,87.53,90.39,199710
NETFNIF100,20210301,151.1,156,151.1,152.18,1961
NETFNV20,20210301,79.7,79.7,77.26,78,8487
NETWORK18,20210301,38.5,44.5,38.05,42.7,18418279
NEULANDLAB,20210301,2088,2088,2000,2049.7,33741
NEWGEN,20210301,305,305,295.85,300.1,69130
NEXTMEDIA,20210301,4.65,4.65,4.35,4.45,21115
NFL,20210301,58.3,63.5,57.2,63.5,26197050
NH,20210301,438,441.15,430.1,433.95,384388
NHPC,20210301,24.3,25.2,24.2,24.5,23215734
NIACL,20210301,154.6,160.45,152.2,156.05,1370946
NIBL,20210301,9.25,9.35,9.25,9.3,1217
NIFTYBEES,20210301,161.99,161.99,156.8,158.01,2262115
NIITLTD,20210301,195,196.25,193,194.95,140324
NILAINFRA,20210301,5.2,5.3,5.1,5.15,111990
NILASPACES,20210301,1.75,1.8,1.7,1.75,619438
NILKAMAL,20210301,1820,1841.5,1800.5,1810.45,5872
NIPPOBATRY,20210301,664.7,763.95,664.7,741,23883
NIRAJ,20210301,43.55,43.55,39.1,41.2,5734
NITCO,20210301,23.05,23.5,22.35,22.7,60774
NITINSPIN,20210301,79.1,82.65,78,79.2,330024
NKIND,20210301,24.95,25,20.8,24.95,7492
NLCINDIA,20210301,53.2,56.55,53.2,54.95,8996124
NMDC,20210301,129.3,132.25,127.7,131.55,18238353
NOCIL,20210301,167.9,174.5,165.65,171.5,1466082
NOIDATOLL,20210301,6.3,6.9,6.2,6.35,161455
NORBTEAEXP,20210301,7,7.15,6.85,6.9,2838
NOVARTIND,20210301,622,631.05,611.85,614.6,7465
NPBET,20210301,192.8,195,183.95,187.38,815
NRAIL,20210301,243.45,255,240.45,246.65,90919
NRBBEARING,20210301,117.5,119.6,116.05,116.35,264879
NSIL,20210301,1107.3,1159,1106.45,1130.25,3130
NTL,20210301,0.8,0.85,0.8,0.85,8700
NTPC,20210301,109.5,109.8,107.15,108.45,27205189
NUCLEUS,20210301,529.9,537.25,521.2,522.6,33255
NURECA,20210301,711.9,711.9,711.9,711.9,10763
NXTDIGITAL,20210301,494.95,495,483.65,486.85,1136
OAL,20210301,610,610,597,602.55,16626
OBEROIRLTY,20210301,547.15,565.95,546,554.45,262730
OCCL,20210301,882.3,899.1,882.25,885.55,10468
OFSS,20210301,3050,3168.75,3050,3152.75,85714
OIL,20210301,127.3,128.15,125.6,127.25,1435981
OILCOUNTUB,20210301,3.8,3.8,3.65,3.65,26590
OLECTRA,20210301,183.7,184.7,176.65,177.7,238521
OMAXAUTO,20210301,45,48.1,45,46.5,82241
OMAXE,20210301,70.25,71.45,70.2,70.5,44922
OMINFRAL,20210301,24.8,24.95,23.9,24.25,41642
OMKARCHEM,20210301,5.95,5.95,5.95,5.95,11544
ONELIFECAP,20210301,7.05,7.05,7,7.05,600
ONEPOINT,20210301,13.45,13.8,12.7,13.65,143039
ONGC,20210301,114.3,117.65,113.5,117.05,41672980
ONMOBILE,20210301,107,112.45,104.1,105.6,2298413
ONWARDTEC,20210301,100,106.35,100,103.8,116308
OPTIEMUS,20210301,180.2,180.2,176.45,180.2,103709
OPTOCIRCUI,20210301,4.25,4.45,4.1,4.4,777535
ORBTEXP,20210301,64.3,64.3,63.45,63.6,6981
ORCHPHARMA,20210301,907.7,907.7,907.7,907.7,43
ORICONENT,20210301,21.2,22,21.2,21.7,59112
ORIENTABRA,20210301,22.95,23.75,22.5,22.85,63115
ORIENTALTL,20210301,7.4,7.55,7.2,7.2,84627
ORIENTBELL,20210301,232.65,232.65,220.2,222,24003
ORIENTCEM,20210301,93,96.5,92.5,94.4,662688
ORIENTELEC,20210301,272.1,277,269,271.6,225232
ORIENTHOT,20210301,23.6,23.75,23.1,23.35,27704
ORIENTLTD,20210301,88.75,91.35,88.75,89.15,229
ORIENTPPR,20210301,25.85,26.4,25.35,25.95,1777651
ORIENTREF,20210301,234.1,235,225.1,229.75,96777
ORISSAMINE,20210301,2480,2755,2480,2670.2,98576
OSWALAGRO,20210301,11.15,11.3,10.75,11,162309
PAGEIND,20210301,28498,28630,27926.8,28099.2,26717
PAISALO,20210301,864,864,808.15,820.05,21965
PALASHSECU,20210301,44,44.5,43,44.4,7319
PALREDTEC,20210301,111.8,111.8,108,111.8,25030
PANACEABIO,20210301,199.9,201.1,194.5,195.35,111980
PANACHE,20210301,52.45,52.45,46.45,47.15,17147
PANAMAPET,20210301,167.85,189.4,167.6,175.85,360967
PARACABLES,20210301,8.35,8.85,8.2,8.65,403055
PARAGMILK,20210301,108.8,114.15,108.1,110.85,1222433
PARSVNATH,20210301,7.9,7.9,7.9,7.9,183261
PATELENG,20210301,13.8,14.15,13.6,13.8,332479
PATINT-RE,20210301,18,19,12.7,14.9,211845
PATINTLOG,20210301,24.2,26.5,24.1,26.05,99096
PATSPINLTD,20210301,5.6,5.6,5.15,5.4,11344
PCJEWELLER,20210301,30.2,30.7,29.6,29.9,2225354
PDMJEPAPER,20210301,25.35,26.75,25.2,25.95,344656
PDPL,20210301,2.5,2.7,2.5,2.7,4012
PDSMFL,20210301,641,649,639,642.85,5693
PEARLPOLY,20210301,15.9,15.9,14.7,14.85,17674
PEL,20210301,1862.3,1945.6,1855,1879.3,1993564
PENIND,20210301,20.95,21.4,20.65,20.9,195647
PENINLAND,20210301,5.4,5.7,5.4,5.7,119323
PERSISTENT,20210301,1680,1704.35,1641.05,1687.15,153308
PETRONET,20210301,259.1,260,250.45,251.4,3466435
PFC,20210301,125.4,127.5,123.2,126.85,7275527
PFIZER,20210301,4560,4650,4526,4631.5,49038
PFOCUS,20210301,61,61.9,56.6,57.25,357037
PFS,20210301,19.35,20.2,19.15,19.9,2275272
PGEL,20210301,317.2,317.2,317.2,317.2,6208
PGHH,20210301,13096.8,13096.8,12946.75,13016.75,4084
PGHL,20210301,6760,6829,6577.25,6599.4,14078
PGIL,20210301,169.55,175.95,163.85,164.05,4712
PHILIPCARB,20210301,198.5,200.85,196.5,197.9,681753
PHOENIXLTD,20210301,828.3,839,822.05,828.65,124116
PIDILITIND,20210301,1706,1710.95,1684.65,1698.15,518934
PIIND,20210301,2150.85,2196,2150.85,2174.7,236941
PILANIINVS,20210301,1895.35,1929.55,1888.65,1905.15,4199
PILITA,20210301,14.6,16.9,13.95,15.45,742244
PIONDIST,20210301,107.45,107.45,104.85,105.7,61427
PIONEEREMB,20210301,41.1,43.9,38.75,40.65,150176
PITTIENG,20210301,59.5,60.85,53.05,56.75,219949
PKTEA,20210301,211.75,225.75,208,225.75,1435
PLASTIBLEN,20210301,238.55,241.1,235,240.15,6005
PNB,20210301,41.4,41.45,40.55,40.8,120923262
PNBGILTS,20210301,54.85,54.95,53,53.55,476013
PNBHOUSING,20210301,443.1,447.85,430,432.5,357684
PNC,20210301,18.75,18.75,17.8,18.1,332112
PNCINFRA,20210301,270,271.4,264.2,268,332947
PODDARHOUS,20210301,223.95,223.95,206,210,2384
PODDARMENT,20210301,204.1,210,202.35,205.55,9303
POKARNA,20210301,200.15,210,198.1,205.45,61847
POLYCAB,20210301,1360,1362.5,1339.85,1350.2,89642
POLYMED,20210301,705.3,725,704.55,717.45,147608
POLYPLEX,20210301,795.95,796.8,780.05,782.25,59427
PONNIERODE,20210301,143.45,148.5,141.8,147.4,8306
POWERGRID,20210301,217.5,228.8,217.4,227.25,17686096
POWERINDIA,20210301,1455,1479.8,1386,1424.95,92804
POWERMECH,20210301,550.85,551,537.05,539.4,20955
PPAP,20210301,244.15,247.9,236.5,237.3,36284
PPL,20210301,114.5,121.5,114.35,118.7,309762
PRABHAT,20210301,75.25,79,74.7,74.9,407282
PRAENG,20210301,9.3,9.4,9,9.1,25237
PRAJIND,20210301,166,171,160.05,165.95,4613532
PRAKASH,20210301,53,54.95,52.7,53.15,1022654
PRAKASHSTL,20210301,0.85,0.85,0.75,0.75,458493
PRAXIS,20210301,49.1,51.4,49,50.2,10612
PRECAM,20210301,41.4,42.8,41.4,41.7,126304
PRECOT,20210301,90.9,91,86.5,89.95,28143
PRECWIRE,20210301,177.9,182.75,170.6,175,88624
PREMEXPLN,20210301,145.1,147,142.6,146.15,13036
PREMIER,20210301,3.7,3.7,3.5,3.5,17816
PREMIERPOL,20210301,37.8,38.6,37.8,38,4540
PRESSMN,20210301,24.6,25.1,24.05,25,41137
PRESTIGE,20210301,300.5,307.65,298.75,303.35,726733
PRICOLLTD,20210301,69.8,73.25,69,71.55,1753806
PRIMESECU,20210301,40.3,40.7,39.8,39.95,28042
PRINCEPIPE,20210301,405.65,407,398.55,401.05,93097
PRIVISCL,20210301,668.4,678.6,652.4,657.35,29445
PROZONINTU,20210301,19.95,19.95,18.05,19.15,182422
PRSMJOHNSN,20210301,104.9,108.9,103.15,103.75,567418
PSB,20210301,19,19.1,17.9,18.25,1023487
PSPPROJECT,20210301,477.05,482.25,472.55,477,109952
PSUBNKBEES,20210301,27,27.05,25.91,25.97,1576665
PTC,20210301,74.15,76.25,72.7,73.95,1659257
PTL,20210301,41,41.6,40.45,40.95,150145
PUNJABCHEM,20210301,944.7,970,915.1,957.95,20970
PURVA,20210301,80.7,82.7,79,79.7,175740
PVR,20210301,1368.15,1386.9,1348.5,1369.85,785728
QGOLDHALF,20210301,1996,1996,1985,1987.05,513
QNIFTY,20210301,1550,1580,1518.95,1524,21
QUESS,20210301,759.7,773.8,742.25,751.1,250023
QUICKHEAL,20210301,152.95,155,152,152.75,122551
QUINTEGRA,20210301,0.9,1,0.9,0.9,16541
RADAAN,20210301,0.75,0.8,0.75,0.75,9311
RADICO,20210301,579.95,599.85,560,594.65,441246
RADIOCITY,20210301,24.5,25,24.3,24.5,151057
RAILTEL,20210301,128.85,145.6,127.4,145.6,44411780
RAIN,20210301,170,172.35,163,164.2,3572510
RAJESHEXPO,20210301,512,514.45,502.5,505.3,100030
RAJRATAN,20210301,563,655.95,562.15,623.05,59829
RAJSREESUG,20210301,17.45,17.5,16.55,16.85,25808
RAJTV,20210301,34,36.5,33.7,34.95,16592
RALLIS,20210301,257.9,259.9,254.1,257.25,464869
RAMANEWS,20210301,14.6,14.65,14.3,14.55,20399
RAMASTEEL,20210301,77,77,75.5,75.65,4635
RAMCOCEM,20210301,974.2,1000,968,995.95,557690
RAMCOIND,20210301,256.6,258,251.8,252.7,31363
RAMCOSYS,20210301,585.1,591,570,581.65,96993
RAMKY,20210301,82.7,82.7,74.9,80.65,714174
RANASUG,20210301,6.85,6.95,6.6,6.7,289875
RANEENGINE,20210301,275.1,283,268.85,274.65,15521
RANEHOLDIN,20210301,639.05,653,626.1,628.1,21392
RATNAMANI,20210301,1924.6,1938.95,1909.35,1930.3,45572
RAYMOND,20210301,375.1,386.45,370.2,379.2,1218206
RBL,20210301,871,871,843.65,852.2,10900
RBLBANK,20210301,239,239.7,232.05,236.05,14473106
RCF,20210301,80,91.05,79,91.05,48524776
RCOM,20210301,1.75,1.75,1.7,1.75,4168451
RECLTD,20210301,136.55,139.9,136.3,138.95,4942999
REDINGTON,20210301,185.6,188.7,182.3,184.2,211720
REFEX,20210301,90,91,86.65,88.65,78136
REGENCERAM,20210301,0.9,1,0.9,1,334
RELAXO,20210301,864.95,875,832,838.45,239148
RELCAPITAL,20210301,10.25,11.1,9.9,11,6151770
RELIANCE,20210301,2110.2,2112,2062.5,2101.7,8159670
RELIGARE,20210301,81.1,93.75,81.1,88.55,2825055
RELINFRA,20210301,31.6,33.9,30.75,32.85,6974151
REMSONSIND,20210301,144,149,143,148.6,3156
RENUKA,20210301,10.6,10.7,10,10.15,5012495
REPCOHOME,20210301,335.9,348,330.2,335,198021
REPL,20210301,184.45,187.15,180.95,181.75,7457
REPRO,20210301,369,379.85,365,368.55,7737
RESPONIND,20210301,179.1,185,170.1,174.1,73500
REVATHI,20210301,553.95,553.95,511.1,517.95,4239
RGL,20210301,294.45,305,290.75,301.75,4200
RHFL,20210301,2.4,2.55,2.35,2.5,5337854
RICOAUTO,20210301,41.9,46.3,41.55,43.65,4353056
RIIL,20210301,398.45,411,396,403.05,324425
RITES,20210301,245.85,262.85,242.1,258.95,2193926
RKDL,20210301,7.55,7.85,7.55,7.8,4825
RKEC,20210301,60.45,65.15,60.45,64.3,21562
RKFORGE,20210301,559.4,560.05,547.3,550.05,26579
RMCL,20210301,2.8,2.8,2.6,2.8,156708
RML,20210301,384.9,399.05,362.25,367.75,103943
ROHITFERRO,20210301,2.8,2.8,2.8,2.8,700
ROHLTD,20210301,68,68.5,67.55,67.7,19777
ROLLT,20210301,3.6,3.75,3.45,3.5,51905
ROLTA,20210301,4.05,4.15,4,4.1,452673
ROML,20210301,107.2,107.2,107.2,107.2,2366
ROSSARI,20210301,1028.65,1059.9,1022.5,1031.5,118566
ROSSELLIND,20210301,107.45,110.35,105.25,107.15,10925
ROUTE,20210301,1688.6,1768,1672.7,1708.15,450770
RPGLIFE,20210301,417,424.95,416.35,417.2,29680
RPOWER,20210301,4.45,4.45,4.45,4.45,4079280
RPPINFRA,20210301,66.85,68,65.5,66.4,32312
RPSGVENT,20210301,308.95,308.95,299.1,306.55,69128
RSSOFTWARE,20210301,24.25,25,23.65,24.5,39890
RSWM,20210301,163.7,163.7,158.1,159.75,16760
RSYSTEMS,20210301,117,119.55,115,118.55,48498
RTNINFRA,20210301,6.75,6.75,6.45,6.65,352967
RTNPOWER,20210301,2.85,2.9,2.8,2.9,5721641
RUBYMILLS,20210301,179.7,183.9,178.2,179.75,8583
RUCHI,20210301,740,748.95,731.1,733.6,25861
RUCHINFRA,20210301,6.75,7.05,6.55,6.75,80576
RUCHIRA,20210301,66,68.85,64,67.1,154607
RUPA,20210301,320.65,320.65,303,307.1,66732
RUSHIL,20210301,177.2,186.05,177.2,186.05,32949
RVHL,20210301,22.1,22.1,20.25,20.6,38159
RVNL,20210301,32,33.45,31.75,32.45,13888775
S&SPOWER,20210301,20.35,20.35,20.35,20.35,4415
SABEVENTS,20210301,1.6,1.6,1.55,1.55,2530
SABTN,20210301,1.45,1.5,1.4,1.5,27862
SADBHAV,20210301,74.65,74.65,72.5,72.9,526201
SADBHIN,20210301,23.75,23.75,22.35,22.8,253315
SAFARI,20210301,623,661.9,623,650.6,8692
SAGARDEEP,20210301,40.25,45,40.25,44.35,8775
SAGCEM,20210301,711.75,711.75,692,698.25,15557
SAIL,20210301,77.5,79.5,74.75,78.4,80974117
SAKAR,20210301,95.95,98.5,93.05,94.75,54096
SAKHTISUG,20210301,9.75,9.9,9.45,9.8,51933
SAKSOFT,20210301,350.9,358.9,350,350.35,11088
SAKUMA,20210301,5.2,5.35,5.1,5.15,662906
SALASAR,20210301,376,393.3,373,373.7,198115
SALONA,20210301,93.85,93.85,88.1,90.6,341
SALSTEEL,20210301,3.65,3.65,3.5,3.65,31879
SALZERELEC,20210301,120.9,124,117.65,122.15,62697
SAMBHAAV,20210301,2.85,2.85,2.65,2.75,28139
SANCO,20210301,11.85,12.05,11.8,11.85,53571
SANDESH,20210301,692.85,712.85,688.6,695.3,1629
SANDHAR,20210301,243.95,243.95,230.7,231.75,108322
SANGAMIND,20210301,74.8,74.8,72.05,74,4208
SANGHIIND,20210301,43.2,44.35,43,43.5,2080678
SANGHVIFOR,20210301,25.9,27.15,24.65,26,12446
SANGHVIMOV,20210301,108.9,108.9,102.3,103.3,31655
SANGINITA,20210301,25.95,26.8,25,25.5,37632
SANOFI,20210301,8349.9,8400,8200,8288.8,31051
SARDAEN,20210301,382.05,394.5,365.15,376,114929
SAREGAMA,20210301,1081.9,1092.5,1055.35,1089.1,44120
SARLAPOLY,20210301,27.45,28.3,26.15,26.45,249786
SASKEN,20210301,843.2,855,837.4,848.2,11117
SASTASUNDR,20210301,129,130.15,122.05,128.15,106068
SATHAISPAT,20210301,2.95,3,2.95,3,5300
SATIA,20210301,82.2,86.5,82,83.5,72046
SATIN,20210301,88,94.75,87.05,94.75,1501138
SBICARD,20210301,1078.25,1110.7,1076,1098.35,1205339
SBIETFIT,20210301,250,251,246.05,248.65,1570
SBIETFPB,20210301,193,193,186.21,188.33,1940
SBIETFQLTY,20210301,125,125,123.77,124.89,3222
SBILIFE,20210301,860,879,852.2,876.4,2648545
SBIN,20210301,395.1,397.7,391,394.95,29677890
SCAPDVR,20210301,1.6,1.7,1.6,1.7,79927
SCHAEFFLER,20210301,5200,5269,5131.85,5161.95,6712
SCHAND,20210301,94.5,101.9,94,99,1196444
SCHNEIDER,20210301,115.6,116.7,112.6,113.35,730257
SCI,20210301,101.95,107.7,101.1,103.75,12927968
SDBL,20210301,32.3,36.15,32.3,34.8,1134114
SEAMECLTD,20210301,494.3,499,475.65,485,92183
SECURKLOUD,20210301,90.5,90.5,85.4,86.65,43096
SELAN,20210301,133.8,135.9,132.35,132.8,64124
SEPOWER,20210301,4.05,4.3,4,4,16508
SEQUENT,20210301,241.8,249,239.7,246.95,358111
SESHAPAPER,20210301,160.75,163.5,158.05,162.35,84663
SETCO,20210301,16.45,17.4,16.35,17.2,1193706
SETF10GILT,20210301,199,201.3,199,199.17,2735
SETFGOLD,20210301,4126.3,4126.3,4104,4110.5,10541
SETFNIF50,20210301,161,161,151.1,152.15,401806
SETFNIFBK,20210301,354.8,354.81,349.11,352.18,28638
SETFNN50,20210301,358.99,359.38,352.9,358.16,11625
SETUINFRA,20210301,0.8,0.85,0.75,0.8,136004
SEYAIND,20210301,51.8,51.8,50.3,51.05,17701
SFL,20210301,2050,2054.3,1993.6,2008.35,33758
SGL,20210301,9.45,9.9,9.2,9.45,29687
SHAHALLOYS,20210301,7,7.7,7,7.4,931
SHAKTIPUMP,20210301,538,565,538,541.7,126219
SHALBY,20210301,107.05,108.25,106,106.45,101655
SHALPAINTS,20210301,94.5,95.2,92.05,93.2,188394
SHANKARA,20210301,447.65,464.05,447.6,453.6,69555
SHANTIGEAR,20210301,138,139.85,133,134.05,99314
SHARDACROP,20210301,327.2,337.75,327,329.5,62322
SHARDAMOTR,20210301,2250,2294,2150,2176.8,3683
SHAREINDIA,20210301,234.9,234.9,229,232.05,6523
SHARIABEES,20210301,359.9,359.9,340,347.81,602
SHEMAROO,20210301,71.2,71.2,67.5,67.95,28655
SHIL,20210301,290,299.85,286.1,299.85,175039
SHILPAMED,20210301,374,374,362.25,366.5,116991
SHIVAMAUTO,20210301,20.85,21.4,20.45,20.6,116601
SHIVAMILLS,20210301,41.9,42.9,41.9,42.9,13999
SHIVATEX,20210301,131.2,144,131.15,138.5,7117
SHK,20210301,117.95,120.35,117.25,117.8,252272
SHOPERSTOP,20210301,208.05,214.8,206.7,212.65,170472
SHRADHA,20210301,51.95,57.2,51.8,56.4,1689
SHREDIGCEM,20210301,59,60.4,58.1,59.35,1076776
SHREECEM,20210301,26600.5,27832.5,26600.5,27706.95,58805
SHREEPUSHK,20210301,143.4,146.35,136.2,139.25,77402
SHREERAMA,20210301,8.1,8.5,8,8.1,108998
SHRENIK,20210301,2.95,2.95,2.75,2.75,3473550
SHREYANIND,20210301,78.05,84.8,78.05,83.6,49261
SHREYAS,20210301,83.5,84.5,81,82.4,75970
SHRIPISTON,20210301,828.6,828.6,760,779.95,316
SHRIRAMCIT,20210301,1575,1620,1495.7,1517.8,24188
SHRIRAMEPC,20210301,4.5,4.75,4.4,4.45,343261
SHYAMCENT,20210301,5.8,5.8,5.3,5.45,68985
SHYAMTEL,20210301,10.35,10.35,10.35,10.35,2556
SICAGEN,20210301,15.25,15.25,14.8,14.95,37551
SICAL,20210301,16.25,16.9,15.1,16.9,1031746
SIEMENS,20210301,1864.35,1925,1848.15,1908.1,388439
SIGIND,20210301,31.5,37.8,31.05,36.6,338976
SIL,20210301,13.35,13.35,13.35,13.35,1909
SILINV,20210301,204.9,209.75,200.25,203.25,5004
SILLYMONKS,20210301,23.5,23.5,21.4,23.35,1305
SIMBHALS,20210301,7.3,7.3,6.65,6.8,48352
SIMPLEXINF,20210301,36.65,37.45,34.85,36.35,93249
SINTERCOM,20210301,90.15,92.4,88.25,89.65,6872
SINTEX,20210301,3.75,3.85,3.65,3.7,1346992
SIRCA,20210301,341.05,350.95,328.75,331.25,10387
SIS,20210301,434,434,425.15,425.8,111643
SITINET,20210301,0.9,0.95,0.85,0.9,5783123
SIYSIL,20210301,216.65,224.35,216.65,219.55,76248
SJVN,20210301,25.9,27.1,25.65,26.7,17964723
SKFINDIA,20210301,2265,2265,2210.65,2229.2,31480
SKIL,20210301,3.4,3.45,3.2,3.25,23582
SKIPPER,20210301,63.95,63.95,62.1,62.75,49821
SKMEGGPROD,20210301,50,51.15,49.75,50.05,49475
SMARTLINK,20210301,92.5,92.55,89.5,90,28557
SMCGLOBAL,20210301,109,109,99.9,99.9,373791
SMLISUZU,20210301,485.3,491.55,481,490.25,27069
SMSLIFE,20210301,537.65,545,522.6,529.85,1942
SMSPHARMA,20210301,132,136.4,131.1,134.9,161176
SNOWMAN,20210301,54.3,54.75,52.4,52.7,1767229
SOBHA,20210301,441.05,444.7,435.85,439.55,130049
SOLARA,20210301,1400.15,1418.85,1314.3,1321.8,96902
SOLARINDS,20210301,1325,1349,1306.55,1340.65,16004
SOMANYCERA,20210301,440.45,446.9,431.1,435.95,57788
SOMATEX,20210301,8.05,8.05,8.05,8.05,31626
SOMICONVEY,20210301,32.8,32.8,30.5,31.15,15506
SONATSOFTW,20210301,485,493.4,465.55,476.05,353774
SORILINFRA,20210301,191.7,203.9,189.45,192.9,186169
SOTL,20210301,1086.1,1100,1074.75,1081.65,53997
SOUTHBANK,20210301,10.1,10.85,9.9,10.5,141625049
SOUTHWEST,20210301,50.5,50.9,48.55,49.7,18641
SPAL,20210301,187,187,180,181.15,11429
SPANDANA,20210301,628.9,635.9,600.05,605.95,154685
SPARC,20210301,166.5,167.7,163.7,166.1,260618
SPCENET,20210301,1.85,1.85,1.85,1.85,11504
SPECIALITY,20210301,44,44.8,43.3,43.45,58087
SPENCERS,20210301,77.75,78.5,77,77.5,221620
SPIC,20210301,28.1,32.1,28.05,31.4,6736798
SPICEJET,20210301,83.7,84.95,82.8,83.25,3336645
SPLIL,20210301,38,38,36.5,36.7,32827
SPMLINFRA,20210301,13.1,13.45,12.9,13.05,51194
SPTL,20210301,3.3,3.5,3.3,3.4,3111461
SPYL,20210301,0.45,0.45,0.4,0.45,311362
SREEL,20210301,146.95,146.95,144.8,144.8,24783
SREINFRA,20210301,6.55,6.55,6.35,6.4,872033
SRF,20210301,5438,5519.4,5388.6,5421.75,109665
SRHHYPOLTD,20210301,234,240.95,233.1,238.65,13604
SRIPIPES,20210301,170.45,171,167.1,170.05,80205
SRPL,20210301,33.9,33.9,30.9,32,2388
SRTRANSFIN,20210301,1305,1345.8,1303.15,1333.6,1832566
SSWL,20210301,634,649.55,634,642.05,21858
STAMPEDE,20210301,0.75,0.75,0.75,0.75,152511
STAR,20210301,842.85,855.5,828.2,835.5,326787
STARCEMENT,20210301,99.25,99.5,98.25,98.7,227804
STARPAPER,20210301,118.3,120.9,117.4,118.25,93417
STCINDIA,20210301,103,109.85,97.2,105.5,588257
STEELCITY,20210301,35.25,36,34.9,35.65,35840
STEELXIND,20210301,51.1,54,51.1,52.95,278862
STEL,20210301,81.9,84.5,80.2,83.3,13432
STERTOOLS,20210301,220.4,225.8,218,220.1,19583
STLTECH,20210301,211,219.85,209.05,215.75,1911821
STOVEKRAFT,20210301,502.15,518,498.25,513.7,324890
SUBCAPCITY,20210301,17.2,18.05,17.2,18.05,31
SUBEXLTD,20210301,27.9,28.4,27.25,27.45,2502579
SUBROS,20210301,336.55,358,328.05,351.6,169115
SUDARSCHEM,20210301,529.95,589.9,526.55,570.5,1667501
SUMEETINDS,20210301,2.95,2.95,2.95,2.95,19780
SUMICHEM,20210301,298,308.5,293.55,299.1,760969
SUMIT,20210301,8.8,9,8,8.8,7845
SUMMITSEC,20210301,561,577.95,561,575.25,2794
SUNCLAYLTD,20210301,3542.05,3588,3470,3563.65,15792
SUNDARAM,20210301,1.35,1.35,1.3,1.35,87606
SUNDARMFIN,20210301,2648,2699,2515.05,2607.8,71283
SUNDARMHLD,20210301,84.5,88.4,82.55,87.75,303362
SUNDRMBRAK,20210301,352.05,364.95,348.25,351,2218
SUNDRMFAST,20210301,725,726,703.1,712.75,123367
SUNFLAG,20210301,64.95,65.6,64,64.55,371167
SUNPHARMA,20210301,600,610.8,597.05,604.45,5274758
SUNTECK,20210301,360,360,348.05,350.1,123912
SUNTV,20210301,498.7,513.55,497.65,504.9,1956349
SUPERHOUSE,20210301,129.7,131.95,126.55,128.75,71158
SUPERSPIN,20210301,4.85,4.85,4.65,4.8,51782
SUPPETRO,20210301,411,416.3,409,413.4,93188
SUPRAJIT,20210301,288.4,288.4,281.3,285.05,127497
SUPREMEENG,20210301,24.65,25.75,23.85,25.75,90910
SUPREMEIND,20210301,2075,2125.05,2046.75,2082.85,127074
SURANASOL,20210301,8.7,8.95,8.6,8.75,22217
SURANAT&P,20210301,4.7,4.7,4.55,4.6,38229
SURYALAXMI,20210301,29.6,30.95,28.25,28.95,2149
SURYAROSNI,20210301,346,346,335,340.25,51341
SUTLEJTEX,20210301,42.8,44.7,42.5,43.95,176500
SUULD,20210301,221.85,221.85,221.85,221.85,4555
SUVEN,20210301,85.6,86.9,84.4,84.8,309456
SUVENPHAR,20210301,481.9,485.4,471,481.7,196301
SUZLON,20210301,5.95,6.05,5.8,5.9,24289254
SWANENERGY,20210301,147.8,148.75,144,147.2,148590
SWARAJENG,20210301,1296.5,1351,1296.5,1341.9,21446
SWELECTES,20210301,188,201.2,183.5,201.2,113171
SWSOLAR,20210301,230.9,243.8,227.25,241.05,865828
SYMPHONY,20210301,1152,1217,1145.2,1205.35,382865
SYNGENE,20210301,564,567.8,556,558.15,302038
TAINWALCHM,20210301,68,68.7,66.3,68.05,9246
TAJGVK,20210301,126.35,126.35,123.5,124.15,69648
TAKE,20210301,57.65,58.6,56.65,56.75,739171
TALBROAUTO,20210301,220.75,227,208,212.1,115290
TANLA,20210301,933.95,941.4,908.15,941.4,227043
TARAPUR,20210301,2.85,2.95,2.75,2.95,1966
TARC,20210301,33.5,34.9,33.4,33.85,735619
TARMAT,20210301,53.25,53.25,51,51.25,17673
TASTYBITE,20210301,15499.95,15500,15051,15119.6,1179
TATACHEM,20210301,750,755,731.75,743.45,8707722
TATACOFFEE,20210301,133,136.95,129.2,131.75,8350413
TATACOMM,20210301,1095,1124,1086,1114.8,253157
TATACONSUM,20210301,614.9,628.5,609.2,624.55,2530243
TATAELXSI,20210301,2681.8,2708.85,2601.45,2622.15,307428
TATAINVEST,20210301,1128.95,1150.9,1110,1133.95,59687
TATAMETALI,20210301,774,788.75,765.1,776.35,218884
TATAMOTORS,20210301,330,331.85,322.7,328.3,61190868
TATAMTRDVR,20210301,130.05,132.7,129.25,132,4903844
TATAPOWER,20210301,96.6,99.5,95.55,97.9,62133610
TATASTEEL,20210301,724,738.25,711.35,730.4,14058646
TATASTLBSL,20210301,46.4,47.35,45.65,47.05,8032231
TATASTLLP,20210301,681,699,681,691.35,81336
TBZ,20210301,74.15,79,74.15,77.35,356106
TCI,20210301,244.25,249.9,244.25,246.85,12945
TCIDEVELOP,20210301,312.8,317.3,301.05,306.95,416
TCIEXP,20210301,945,949.35,915.05,926.1,8695
TCIFINANCE,20210301,5.85,5.9,5.65,5.8,10973
TCNSBRANDS,20210301,500.05,509,492,495.9,17164
TCPLPACK,20210301,376.1,380.05,370.1,375.7,1248
TCS,20210301,2926,2965,2901.8,2924.2,3265871
TDPOWERSYS,20210301,157,162.8,153.75,156.7,143480
TEAMLEASE,20210301,3440,3839,3402.8,3591.25,93699
TECHM,20210301,935.45,957,926.35,936,3429569
TECHNOE,20210301,293.9,310,293.85,307.35,892702
TEJASNET,20210301,194,199.1,188.15,189.55,435779
TERASOFT,20210301,41.25,43.3,41,42.05,34849
TEXINFRA,20210301,70.45,71,69.2,69.85,166419
TEXMOPIPES,20210301,31.7,31.95,29.9,30.45,218150
TEXRAIL,20210301,31,31.25,30.15,30.8,1073690
TFCILTD,20210301,57.5,59.9,56.6,58.4,765617
TFL,20210301,2.45,2.45,2.45,2.45,407
TGBHOTELS,20210301,4.3,4.5,4.15,4.2,83987
THANGAMAYL,20210301,644,644,619.15,624.2,16597
THEINVEST,20210301,104.9,104.9,95.1,96.05,4672
THEMISMED,20210301,311.75,313,305,306.5,5992
THERMAX,20210301,1365,1432.8,1365,1397.8,117411
THOMASCOOK,20210301,45.2,46.7,45,46.3,463986
THOMASCOTT,20210301,7.2,7.2,7,7,296
THYROCARE,20210301,910,925,906.25,920.7,113329
TI,20210301,28.65,28.65,27.75,28.2,206201
TIDEWATER,20210301,4425.25,5050,4421.55,4777.35,36825
TIIL,20210301,407.1,412.2,392.2,394.1,15960
TIINDIA,20210301,1080.45,1082,1021,1041.4,226705
TIJARIA,20210301,7,7.35,6.8,7.3,14115
TIL,20210301,170,177.4,170,171.35,7696
TIMESGTY,20210301,26.5,26.5,25.7,26,1101
TIMETECHNO,20210301,60,60.9,56.65,59.75,1762787
TIMKEN,20210301,1300,1306,1258.3,1264.75,14255
TINPLATE,20210301,175.6,179,174.6,175.4,554993
TIPSINDLTD,20210301,442,451,440,450.35,8661
TIRUMALCHM,20210301,96.2,101.7,96,98.6,1603533
TIRUPATIFL,20210301,24.55,24.6,24.55,24.6,53
TITAN,20210301,1421.5,1466,1416.6,1452.15,1962042
TMRVL,20210301,11.85,12.1,11.65,11.75,47332
TNPETRO,20210301,54.5,59.05,54.5,56.3,5806086
TNPL,20210301,132.2,138,130.7,134.9,503815
TNTELE,20210301,6.25,6.25,6.25,6.25,21018
TOKYOPLAST,20210301,70.5,71.8,69.5,71,3426
TORNTPHARM,20210301,2406.8,2450,2400,2439.7,375900
TORNTPOWER,20210301,385,388.45,379.65,385.15,1376124
TOTAL,20210301,58.25,58.25,54.3,58,27748
TOUCHWOOD,20210301,88,94.9,88,92.35,1183
TPLPLASTEH,20210301,164,166,154.25,162.35,30075
TREEHOUSE,20210301,7.65,7.7,6.85,7.05,26364
TREJHARA,20210301,31.6,32.8,31.05,31.9,44291
TRENT,20210301,820,839.9,806.65,830.4,442822
TRF,20210301,96.8,98.5,96,96.9,22906
TRIDENT,20210301,14,14.05,13.75,13.75,8249167
TRIGYN,20210301,71.7,71.7,69.1,69.25,61106
TRIL,20210301,17.7,18.7,17.2,18.25,318366
TRITURBINE,20210301,108,118.25,105.8,112.85,577512
TRIVENI,20210301,90.5,92.4,87.15,90,3635723
TTKHLTCARE,20210301,565.7,572,561,565.85,1162
TTKPRESTIG,20210301,7265,7420.05,7061.15,7111.35,7237
TTL,20210301,46.95,46.95,44.1,45.5,3657
TTML,20210301,16.35,16.35,15.2,15.35,2323298
TV18BRDCST,20210301,29.45,32.95,29.3,32.5,39797381
TVSELECT,20210301,183.1,183.1,183.1,183.1,53525
TVSMOTOR,20210301,610,620.85,595.6,616.55,5284375
TVSSRICHAK,20210301,1901.4,1989.85,1900.3,1918.1,40542
TVTODAY,20210301,268.6,284,268,276.9,253453
TVVISION,20210301,1.75,1.75,1.65,1.65,30326
TWL,20210301,50.85,52,50.45,50.9,531336
UBL,20210301,1167.5,1194.2,1160.1,1188.75,227878
UCALFUEL,20210301,156.5,159,153.1,154.45,62159
UCOBANK,20210301,14,14.25,13.55,13.75,5424526
UFLEX,20210301,367.5,370,360,364.9,108266
UFO,20210301,82.8,83.05,81,81.35,70660
UGARSUGAR,20210301,16.6,17.1,16.2,16.95,263690
UJAAS,20210301,2.9,2.95,2.8,2.85,1017473
UJJIVAN,20210301,245.6,253.6,244.1,246.05,645683
UJJIVANSFB,20210301,33.75,34.5,33.65,33.85,2310689
ULTRACEMCO,20210301,6218.8,6389.8,6170.6,6365.05,609302
UMANGDAIRY,20210301,58.65,63.45,58.65,63.05,117623
UMESLTD,20210301,3.5,3.5,3.5,3.5,8026
UNICHEMLAB,20210301,335.05,338,322,322.9,52533
UNIDT,20210301,265,267.35,258,260.1,10666
UNIENTER,20210301,83.45,84.9,82.2,82.85,44752
UNIONBANK,20210301,41,41.45,39.9,40.05,8184972
UNITEDTEA,20210301,310,314.85,307.3,310.05,1535
UNIVASTU,20210301,30.2,30.5,29.5,29.6,5671
UNIVCABLES,20210301,139.75,140,135.55,136.35,15125
UNIVPHOTO,20210301,182.15,184.1,176,176.65,2686
UPL,20210301,570,592.7,570,590.6,8570035
URJA,20210301,7.45,7.5,6.95,7.15,1472574
USHAMART,20210301,30.75,31.6,30.3,30.7,758495
UTIAMC,20210301,589.95,597.65,585,586.75,122982
UTIBANKETF,20210301,35.32,35.7,34.9,35.29,67794
UTINEXT50,20210301,374,435.3,357,412.04,10283
UTINIFTETF,20210301,1586.87,1599.1,1570,1580.37,1452
UTISENSETF,20210301,529.33,534.65,529.33,532.91,1456
UTISXN50,20210301,42.05,42.6,39.9,40.31,3373
UTTAMSTL,20210301,7.3,7.3,6.9,7.1,84393
UTTAMSUGAR,20210301,99.2,101,97.5,99.75,80990
V2RETAIL,20210301,132,141.35,132,135.55,40802
VADILALIND,20210301,895,898,872,876.3,6050
VAIBHAVGBL,20210301,3540,3608.9,3472,3557.85,41704
VAISHALI,20210301,40.1,41,39.05,39.6,30045
VAKRANGEE,20210301,54,54.35,52.5,52.9,1298364
VALIANTORG,20210301,1264,1275,1227,1235,20937
VARDHACRLC,20210301,37.65,40,36.6,39.35,138728
VARDMNPOLY,20210301,26.1,26.1,26.1,26.1,15338
VARROC,20210301,410.9,414.95,402.75,410.75,118063
VASCONEQ,20210301,17.5,18,17.2,17.5,180587
VASWANI,20210301,11.35,11.35,11.35,11.35,15485
VBL,20210301,1070,1070,1008.1,1044.95,387264
VEDL,20210301,209.25,216.4,205.15,213.6,17480256
VENKEYS,20210301,1601,1623,1590.05,1597.3,39405
VENUSREM,20210301,203.75,216,203.75,216,32211
VERTOZ,20210301,274,284,270.7,281.05,219125
VESUVIUS,20210301,1085,1085,1031.05,1036.15,4175
VETO,20210301,141,147.65,141,147.65,84723
VGUARD,20210301,226.9,229.15,220.6,222.15,693140
VHL,20210301,1483.25,1697.4,1436.25,1647,9192
VICEROY,20210301,2.7,2.8,2.65,2.7,36646
VIDHIING,20210301,139,141,135.2,136.15,92560
VIJIFIN,20210301,0.7,0.75,0.7,0.75,132930
VIKASECO,20210301,2.7,2.7,2.55,2.7,2334815
VIKASMCORP,20210301,3.5,3.5,3.35,3.5,8163122
VIKASPROP,20210301,2.65,2.7,2.65,2.7,866275
VIKASWSP,20210301,5.4,5.4,5.4,5.4,184715
VIMTALABS,20210301,166.4,168.35,163.95,165.5,11611
VINATIORGA,20210301,1416.45,1475,1395,1446.7,92080
VINDHYATEL,20210301,859,869,842.15,845.45,13674
VINYLINDIA,20210301,133.4,141.45,131.5,135.9,382858
VIPCLOTHNG,20210301,15.15,15.2,14.15,14.2,103995
VIPIND,20210301,409.4,412.5,396,406.15,1564155
VIPULLTD,20210301,30.15,30.15,29.35,30.15,19807
VISAKAIND,20210301,514.35,519.6,505.95,510.15,35891
VISASTEEL,20210301,6.15,6.45,6.1,6.3,18383
VISESHINFO,20210301,0.1,0.1,0.1,0.1,29571960
VISHAL,20210301,63.75,63.75,61.3,63.75,394011
VISHNU,20210301,173.3,186.65,173.25,186.65,24030
VISHWARAJ,20210301,134.85,136.95,131.8,134.75,136261
VIVIDHA,20210301,0.9,0.9,0.85,0.85,505763
VIVIMEDLAB,20210301,16.1,17.4,16.1,16.65,1684612
VLSFINANCE,20210301,91.9,96.8,91.9,93.85,303491
VMART,20210301,2669,2669,2600,2620.8,15139
VOLTAMP,20210301,1155.85,1190,1152.05,1173.75,7170
VOLTAS,20210301,1023.2,1062.65,1022,1043.8,1860778
VRLLOG,20210301,259,267,256.1,258.75,112145
VSSL,20210301,157.8,170.4,156,165,640140
VSTIND,20210301,3412.05,3491.2,3412.05,3430.55,24903
VSTTILLERS,20210301,1850,1879.75,1842.25,1857.5,11466
VTL,20210301,1190.1,1224.4,1150,1176.2,53085
WABAG,20210301,291,292.35,275.2,280.8,728785
WABCOINDIA,20210301,5875,5993.8,5850.05,5888.25,1557
WALCHANNAG,20210301,67.3,68.85,66.1,66.7,361910
WATERBASE,20210301,112.8,112.8,110.6,111.45,88674
WEALTH,20210301,145.2,145.2,140,140.3,600
WEBELSOLAR,20210301,41.5,42.5,40.75,41.95,211492
WEIZMANIND,20210301,47.45,47.45,46.1,47.05,4277
WELCORP,20210301,131.6,134,129.6,132.05,1668905
WELENT,20210301,87.5,87.5,85.1,86,58986
WELINV,20210301,375,375.2,358,364.3,3515
WELSPUNIND,20210301,69.5,70.6,68.5,68.9,487964
WENDT,20210301,3259.2,3299.95,3259.15,3270.25,247
WESTLIFE,20210301,515,527.7,511.65,518.35,453583
WHEELS,20210301,470,477.7,457.05,462.2,21181
WHIRLPOOL,20210301,2425.25,2460,2394.8,2447.95,66118
WILLAMAGOR,20210301,22.1,22.1,21.25,21.5,21458
WINDMACHIN,20210301,21.95,22,19.4,20.8,69869
WIPL,20210301,52.5,54.95,52,54,7696
WIPRO,20210301,411,418.7,409.2,414.4,6421696
WOCKPHARMA,20210301,506.7,513.6,497.35,500.35,503923
WONDERLA,20210301,204,208.5,202,207.05,81747
WORTH,20210301,59,59,57,57.5,9496
WSI,20210301,4,4.15,3.9,4,13204
WSTCSTPAPR,20210301,213.9,228.1,212.55,223.5,310279
XCHANGING,20210301,70,70,67.75,68.3,288468
XELPMOC,20210301,296,296,287.1,291.4,20973
XPROINDIA,20210301,58.1,58.1,55.45,57.75,23211
YAARII,20210301,164.05,172.25,164.05,171.1,438442
YESBANK,20210301,15.95,16.9,15.75,16.3,182912199
ZEEL,20210301,203,218.2,202.4,216.85,31327176
ZEELEARN,20210301,11.95,12,11.3,11.6,716304
ZEEMEDIA,20210301,6.05,6.2,6,6.2,1738625
ZENITHEXPO,20210301,67.2,72.8,67.2,70.85,1705
ZENITHSTL,20210301,1.15,1.15,1.15,1.15,700
ZENSARTECH,20210301,297.6,304.5,284.3,290.25,550737
ZENTEC,20210301,85.4,87,83.8,84.45,149623
ZODIACLOTH,20210301,105.55,105.6,103.6,104.15,42434
ZODJRDMKJ,20210301,28.8,28.8,27.05,27.45,3488
ZOTA,20210301,156.95,156.95,152.35,153.2,7218
ZUARI,20210301,103.8,109,102.5,106.55,640015
ZUARIGLOB,20210301,89.1,92.9,87.55,92.2,39557
ZYDUSWELL,20210301,1920.1,1938.75,1906.95,1920.1,33807
NSENIFTY,20210301,14702.50,14806.80,14638.55,14761.55,507302977,0
NIFTYJUNIOR,20210301,34491.40,34655.05,34326.60,34552.05,315690553,0
NIFTYMIDCAPLIQ15,20210301,5803.25,5908.55,5784.25,5894.70,100043536,0
NIFTY200,20210301,7675.05,7726.80,7647.15,7708.70,1899482764,0
NSE500,20210301,12316.30,12395.80,12271.85,12368.30,2891251630,0
NSEMIDCAP150,20210301,8893.10,8963.40,8858.65,8950.15,1145709693,0
MIDCAP50,20210301,6859.30,6929.60,6827.15,6914.00,799026488,0
NSEMIDCAP,20210301,23470.40,23723.90,23369.00,23684.80,1076489234,0
NSESMLCAP100,20210301,8144.50,8229.05,8119.55,8216.55,-,0
NIFTYLARGEMIDCAP250,20210301,-,-,-,7939.01,1968703223,0
NIFTYAUTO,20210301,10304.25,10472.70,10292.75,10411.80,161742834,0
BANKNIFTY,20210301,35374.25,35581.10,34983.75,35296.00,321453194,0
NIFTYFINSERVICE,20210301,16314.45,16462.35,16199.90,16372.85,121578899,0
NIFTYFMGC,20210301,32610.40,32886.15,32429.60,32797.65,29379443,0
NSEIT,20210301,24494.65,24846.10,24451.45,24556.30,25641372,0
NIFTYMEDIA,20210301,1643.40,1699.30,1642.50,1695.20,88908839,0
NIFTYMETAL,20210301,3877.25,3917.60,3811.35,3896.95,212824117,0
NIFTYPVTBANK,20210301,18858.40,18962.40,18638.95,18804.35,120555747,0
NIFTYPSUBANK,20210301,2423.40,2429.95,2372.15,2383.80,274345860,0
NIFTYREALTY,20210301,353.30,356.50,351.05,354.45,26965112,0
NIFTYCOMMODITIES,20210301,4359.25,4412.30,4335.80,4402.50,307428017,0
NIFTYCONSUMPTION,20210301,5829.65,5861.60,5801.80,5851.85,141980272,0
NIFTYENERGY,20210301,19096.45,19209.60,18962.15,19159.10,217409571,0
NIFTY100ESG,20210301,-,-,-,2900.30,549485216,0
NIFTY100ENHESG,20210301,-,-,-,2922.17,512286612,0
NIFTYINFRA,20210301,4156.30,4183.00,4125.95,4175.10,355925922,0
NIFTYMNC,20210301,15867.80,15988.15,15812.95,15962.70,236214213,0
NIFTYSMEEMERGE,20210301,-,-,-,1781.90,708900,0
NIFTYSERVSECTOR,20210301,20794.20,20955.90,20685.15,20837.60,305355764,0
NIFTYSHARIAH25,20210301,-,-,-,5306.38,-,0
NIFTY50SHARIAH,20210301,-,-,-,3358.01,120360354,0
NIFTY500SHARIAH,20210301,-,-,-,4134.71,591385646,0
NIFTYABGROUP,20210301,-,-,-,4585.63,221349489,0
NIFTYMAHINDRA,20210301,-,-,-,12958.41,21437236,0
NIFTYTATA,20210301,-,-,-,9859.63,183914144,0
NIFTYTATA25CAP,20210301,-,-,-,7425.72,157784516,0
NIFTYABGROUP,20210301,-,-,-,4585.63,221349489,0
NIFTYLIQ15,20210301,3758.30,3762.30,3707.25,3747.05,243739470,0
NIFTY500VALUE50,20210301,-,-,-,4895.99,1043668212,0
NIFTYQUALLOWVOL30,20210301,-,-,-,10304.87,94469859,0
NIFTYALPHAQUALLOWVOL30,20210301,-,-,-,11939.16,98507680,0
NIFTYALPHAQUALVALLOWVOL30,20210301,-,-,-,9033.99,118045726,0
NIFTY50EQUALWEIGHT,20210301,15945.30,16094.25,15889.50,16065.30,507302977,0
NIFTY100EQUALWEIGHT,20210301,16931.50,17061.55,16871.65,17035.60,822993530,0
NIFTY100LOWVOL30,20210301,11081.70,11189.90,11047.20,11167.75,177682303,0
NIFTY50DIVPOINT,20210301,107.85,107.85,107.85,107.85,-,0
NIFTYDIVOPPS50,20210301,3000.45,3026.60,2992.60,3015.05,638841400,0
NIFTYALPHA50,20210301,21661.65,21907.50,21571.30,21856.70,241380338,0
NIFTYHIGHBETA50,20210301,-,-,-,1819.59,-,0
NIFTYLOWVOL50,20210301,-,-,-,13396.58,181426076,0
NIFTY50VALUE20,20210301,7141.95,7222.15,7123.55,7199.15,208772657,0
NIFTYGROWSECT15,20210301,7065.10,7129.95,7025.50,7111.40,76839795,0
NIFTY50TR2XLEV,20210301,8829.30,8952.95,8753.75,8899.40,-,0
NIFTY50PR2XLEV,20210301,6623.00,6715.75,6566.30,6675.55,-,0
NIFTY50TR1XINV,20210301,258.40,259.55,256.50,257.35,-,0
NIFTY50PR1XINV,20210301,298.20,299.55,296.05,297.00,-,0
NIFTY-GS-COMPSITE,20210301,2252.76,2256.14,2252.76,2255.42,-,0
NIFTY-GS-4-8YR,20210301,2361.37,2364.40,2361.37,2363.45,-,0
NIFTY-GS-8-13YR,20210301,2208.36,2210.78,2208.36,2210.68,-,0
NIFTY-GS-10YR,20210301,1999.54,2002.76,1999.54,2000.93,-,0
NIFTY-GS-10YR-CLN,20210301,942.38,943.92,942.38,943.05,-,0
NIFTY-GS-11-15YR,20210301,2356.57,2362.08,2356.57,2362.08,-,0
NIFTY-GS-15YRPLUS,20210301,2596.26,2600.00,2596.26,2599.67,-,0
VIX,20210301,28.14,28.14,24.95,25.63,0,0
ANDHRABANK,20010404,10,10,8.5,8.9,123452
D-LINK,20010411,120,192,120,155.4,2814
GODREJINDS,20010418,26.3,26.3,26.3,26.3,775
BHARTI,20020218,51.9,51.9,43.5,44.35,10381190
HEXAWARE,20020614,85,86.9,79.6,80.55,17787
SURYAPHARM,20040121,59,80,50.15,52.25,1067330
CENBNK,20040304,20.9,20.9,8.35,8.8,3155947
JKINDUSTRY,20040614,35,39,35,39,2
NIITTECH,20040830,162,199.4,150.25,194.6,3498191
JINDALSWHL,20050621,170,345,170,278.55,2668277
AMTEKINDIA,20050627,315,333.9,310.2,311.9,35166
VSGML,20050630,400,492,400,429.95,167405
GEOJIT,20050701,91.95,93.25,89,93.2,326612
PROVOGUE,20050707,249,299.45,240,247.95,8249385
GENUSOVERE,20050708,118,119.85,113,119.7,184410
INVSTSMART,20050727,195,200,182.55,185.15,5608537
UNITEDBNK,20100318,74.9,77,68,68.65,55114410
SHASUNPHAR,20110128,73.5,73.5,67,69.3,195305
DALMIABHA,20130109,194.05,205,194,200,24307
SETFBANK,20150325,149,185.5,149,181.17,1110
IDFCBANK,20151106,70.5,73.4,67,70.4,22781516
AIFL,20151202,285,290,275.95,280.1,61219
LICNFENGP,20151207,78.9,78.9,78.9,78.9,1
EBANK,20151221,1680,1680,1680,1680,103
ORCHIDPHAR,20151221,51,52.8,51,52.4,420359
FAIRCHEM,20170119,540,550.9,533.55,536.1,6413
ANDPAPER,20200120,308.95,315,302.1,303.55,5135
